   5.2000000e+02   0.0000000e+00
   5.2050000e+02   4.5681581e-05
   5.2100000e+02   9.1843215e-05
   5.2150000e+02   1.3836714e-04
   5.2200000e+02   1.8513698e-04
   5.2250000e+02   2.3203871e-04
   5.2300000e+02   2.7896122e-04
   5.2350000e+02   3.2579676e-04
   5.2400000e+02   3.7244108e-04
   5.2450000e+02   4.1879354e-04
   5.2500000e+02   4.6475712e-04
   5.2550000e+02   5.1023837e-04
   5.2600000e+02   5.5514738e-04
   5.2650000e+02   5.9939775e-04
   5.2700000e+02   6.4290664e-04
   5.2750000e+02   6.8559483e-04
   5.2800000e+02   7.2738689e-04
   5.2850000e+02   7.6821136e-04
   5.2900000e+02   8.0800105e-04
   5.2950000e+02   8.4669342e-04
   5.3000000e+02   8.8423101e-04
   5.3050000e+02   9.2056189e-04
   5.3100000e+02   9.5564032e-04
   5.3150000e+02   9.8942729e-04
   5.3200000e+02   1.0218912e-03
   5.3250000e+02   1.0530087e-03
   5.3300000e+02   1.0827651e-03
   5.3350000e+02   1.1111556e-03
   5.3400000e+02   1.1381856e-03
   5.3450000e+02   1.1638718e-03
   5.3500000e+02   1.1882426e-03
   5.3550000e+02   1.2113390e-03
   5.3600000e+02   1.2332151e-03
   5.3650000e+02   1.2539388e-03
   5.3700000e+02   1.2735922e-03
   5.3750000e+02   1.2922715e-03
   5.3800000e+02   1.3100880e-03
   5.3850000e+02   1.3271674e-03
   5.3900000e+02   1.3436501e-03
   5.3950000e+02   1.3596906e-03
   5.4000000e+02   1.3754571e-03
   5.4050000e+02   1.3911306e-03
   5.4100000e+02   1.4069039e-03
   5.4150000e+02   1.4229803e-03
   5.4200000e+02   1.4395721e-03
   5.4250000e+02   1.4568993e-03
   5.4300000e+02   1.4751870e-03
   5.4350000e+02   1.4946639e-03
   5.4400000e+02   1.5155599e-03
   5.4450000e+02   1.5381037e-03
   5.4500000e+02   1.5625200e-03
   5.4550000e+02   1.5890278e-03
   5.4600000e+02   1.6178373e-03
   5.4650000e+02   1.6491476e-03
   5.4700000e+02   1.6831447e-03
   5.4750000e+02   1.7199996e-03
   5.4800000e+02   1.7598658e-03
   5.4850000e+02   1.8028785e-03
   5.4900000e+02   1.8491528e-03
   5.4950000e+02   1.8987831e-03
   5.5000000e+02   1.9518423e-03
   5.5050000e+02   2.0083816e-03
   5.5100000e+02   2.0684305e-03
   5.5150000e+02   2.1319972e-03
   5.5200000e+02   2.1990690e-03
   5.5250000e+02   2.2696138e-03
   5.5300000e+02   2.3435811e-03
   5.5350000e+02   2.4209034e-03
   5.5400000e+02   2.5014984e-03
   5.5450000e+02   2.5852709e-03
   5.5500000e+02   2.6721152e-03
   5.5550000e+02   2.7619173e-03
   5.5600000e+02   2.8545578e-03
   5.5650000e+02   2.9499142e-03
   5.5700000e+02   3.0478634e-03
   5.5750000e+02   3.1482845e-03
   5.5800000e+02   3.2510613e-03
   5.5850000e+02   3.3560838e-03
   5.5900000e+02   3.4632514e-03
   5.5950000e+02   3.5724738e-03
   5.6000000e+02   3.6836731e-03
   5.6050000e+02   3.7967852e-03
   5.6100000e+02   3.9117613e-03
   5.6150000e+02   4.0285682e-03
   5.6200000e+02   4.1471899e-03
   5.6250000e+02   4.2676278e-03
   5.6300000e+02   4.3899015e-03
   5.6350000e+02   4.5140488e-03
   5.6400000e+02   4.6401258e-03
   5.6450000e+02   4.7682073e-03
   5.6500000e+02   4.8983864e-03
   5.6550000e+02   5.0307742e-03
   5.6600000e+02   5.1654995e-03
   5.6650000e+02   5.3027087e-03
   5.6700000e+02   5.4425648e-03
   5.6750000e+02   5.5852472e-03
   5.6800000e+02   5.7309509e-03
   5.6850000e+02   5.8798856e-03
   5.6900000e+02   6.0322749e-03
   5.6950000e+02   6.1883554e-03
   5.7000000e+02   6.3483759e-03
   5.7050000e+02   6.5125960e-03
   5.7100000e+02   6.6812852e-03
   5.7150000e+02   6.8547222e-03
   5.7200000e+02   7.0331931e-03
   5.7250000e+02   7.2169907e-03
   5.7300000e+02   7.4064136e-03
   5.7350000e+02   7.6017645e-03
   5.7400000e+02   7.8033498e-03
   5.7450000e+02   8.0114782e-03
   5.7500000e+02   8.2264597e-03
   5.7550000e+02   8.4486046e-03
   5.7600000e+02   8.6782228e-03
   5.7650000e+02   8.9156222e-03
   5.7700000e+02   9.1611083e-03
   5.7750000e+02   9.4149826e-03
   5.7800000e+02   9.6775418e-03
   5.7850000e+02   9.9490764e-03
   5.7900000e+02   1.0229870e-02
   5.7950000e+02   1.0520196e-02
   5.8000000e+02   1.0820322e-02
   5.8050000e+02   1.1130501e-02
   5.8100000e+02   1.1450977e-02
   5.8150000e+02   1.1781979e-02
   5.8200000e+02   1.2123726e-02
   5.8250000e+02   1.2476421e-02
   5.8300000e+02   1.2840255e-02
   5.8350000e+02   1.3215403e-02
   5.8400000e+02   1.3602031e-02
   5.8450000e+02   1.4000289e-02
   5.8500000e+02   1.4410317e-02
   5.8550000e+02   1.4832244e-02
   5.8600000e+02   1.5266191e-02
   5.8650000e+02   1.5712272e-02
   5.8700000e+02   1.6170599e-02
   5.8750000e+02   1.6641278e-02
   5.8800000e+02   1.7124418e-02
   5.8850000e+02   1.7620133e-02
   5.8900000e+02   1.8128542e-02
   5.8950000e+02   1.8649775e-02
   5.9000000e+02   1.9183974e-02
   5.9050000e+02   1.9731299e-02
   5.9100000e+02   2.0291928e-02
   5.9150000e+02   2.0866062e-02
   5.9200000e+02   2.1453926e-02
   5.9250000e+02   2.2055771e-02
   5.9300000e+02   2.2671875e-02
   5.9350000e+02   2.3302548e-02
   5.9400000e+02   2.3948130e-02
   5.9450000e+02   2.4608989e-02
   5.9500000e+02   2.5285527e-02
   5.9550000e+02   2.5978176e-02
   5.9600000e+02   2.6687399e-02
   5.9650000e+02   2.7413689e-02
   5.9700000e+02   2.8157568e-02
   5.9750000e+02   2.8919583e-02
   5.9800000e+02   2.9700312e-02
   5.9850000e+02   3.0500354e-02
   5.9900000e+02   3.1320334e-02
   5.9950000e+02   3.2160898e-02
   6.0000000e+02   3.3022712e-02
   6.0050000e+02   3.3906460e-02
   6.0100000e+02   3.4812844e-02
   6.0150000e+02   3.5742580e-02
   6.0200000e+02   3.6696396e-02
   6.0250000e+02   3.7675033e-02
   6.0300000e+02   3.8679240e-02
   6.0350000e+02   3.9709773e-02
   6.0400000e+02   4.0767392e-02
   6.0450000e+02   4.1852863e-02
   6.0500000e+02   4.2966949e-02
   6.0550000e+02   4.4110414e-02
   6.0600000e+02   4.5284015e-02
   6.0650000e+02   4.6488504e-02
   6.0700000e+02   4.7724622e-02
   6.0750000e+02   4.8993100e-02
   6.0800000e+02   5.0294652e-02
   6.0850000e+02   5.1629972e-02
   6.0900000e+02   5.2999735e-02
   6.0950000e+02   5.4404591e-02
   6.1000000e+02   5.5845163e-02
   6.1050000e+02   5.7322043e-02
   6.1100000e+02   5.8835790e-02
   6.1150000e+02   6.0386927e-02
   6.1200000e+02   6.1975939e-02
   6.1250000e+02   6.3603269e-02
   6.1300000e+02   6.5269317e-02
   6.1350000e+02   6.6974437e-02
   6.1400000e+02   6.8718940e-02
   6.1450000e+02   7.0503087e-02
   6.1500000e+02   7.2327097e-02
   6.1550000e+02   7.4191139e-02
   6.1600000e+02   7.6095345e-02
   6.1650000e+02   7.8039800e-02
   6.1700000e+02   8.0024557e-02
   6.1750000e+02   8.2049633e-02
   6.1800000e+02   8.4115016e-02
   6.1850000e+02   8.6220672e-02
   6.1900000e+02   8.8366550e-02
   6.1950000e+02   9.0552584e-02
   6.2000000e+02   9.2778708e-02
   6.2050000e+02   9.5044856e-02
   6.2100000e+02   9.7350971e-02
   6.2150000e+02   9.9697011e-02
   6.2200000e+02   1.0208296e-01
   6.2250000e+02   1.0450883e-01
   6.2300000e+02   1.0697466e-01
   6.2350000e+02   1.0948054e-01
   6.2400000e+02   1.1202659e-01
   6.2450000e+02   1.1461298e-01
   6.2500000e+02   1.1723994e-01
   6.2550000e+02   1.1990773e-01
   6.2600000e+02   1.2261667e-01
   6.2650000e+02   1.2536711e-01
   6.2700000e+02   1.2815946e-01
   6.2750000e+02   1.3099416e-01
   6.2800000e+02   1.3387169e-01
   6.2850000e+02   1.3679255e-01
   6.2900000e+02   1.3975728e-01
   6.2950000e+02   1.4276641e-01
   6.3000000e+02   1.4582050e-01
   6.3050000e+02   1.4892007e-01
   6.3100000e+02   1.5206566e-01
   6.3150000e+02   1.5525777e-01
   6.3200000e+02   1.5849687e-01
   6.3250000e+02   1.6178337e-01
   6.3300000e+02   1.6511765e-01
   6.3350000e+02   1.6849999e-01
   6.3400000e+02   1.7193061e-01
   6.3450000e+02   1.7540964e-01
   6.3500000e+02   1.7893713e-01
   6.3550000e+02   1.8251301e-01
   6.3600000e+02   1.8613712e-01
   6.3650000e+02   1.8980917e-01
   6.3700000e+02   1.9352879e-01
   6.3750000e+02   1.9729548e-01
   6.3800000e+02   2.0110864e-01
   6.3850000e+02   2.0496756e-01
   6.3900000e+02   2.0887145e-01
   6.3950000e+02   2.1281943e-01
   6.4000000e+02   2.1681054e-01
   6.4050000e+02   2.2084376e-01
   6.4100000e+02   2.2491803e-01
   6.4150000e+02   2.2903224e-01
   6.4200000e+02   2.3318529e-01
   6.4250000e+02   2.3737606e-01
   6.4300000e+02   2.4160347e-01
   6.4350000e+02   2.4586648e-01
   6.4400000e+02   2.5016408e-01
   6.4450000e+02   2.5449537e-01
   6.4500000e+02   2.5885950e-01
   6.4550000e+02   2.6325576e-01
   6.4600000e+02   2.6768352e-01
   6.4650000e+02   2.7214229e-01
   6.4700000e+02   2.7663172e-01
   6.4750000e+02   2.8115158e-01
   6.4800000e+02   2.8570180e-01
   6.4850000e+02   2.9028244e-01
   6.4900000e+02   2.9489368e-01
   6.4950000e+02   2.9953586e-01
   6.5000000e+02   3.0420945e-01
   6.5050000e+02   3.0891501e-01
   6.5100000e+02   3.1365323e-01
   6.5150000e+02   3.1842489e-01
   6.5200000e+02   3.2323083e-01
   6.5250000e+02   3.2807200e-01
   6.5300000e+02   3.3294936e-01
   6.5350000e+02   3.3786392e-01
   6.5400000e+02   3.4281669e-01
   6.5450000e+02   3.4780870e-01
   6.5500000e+02   3.5284094e-01
   6.5550000e+02   3.5791436e-01
   6.5600000e+02   3.6302985e-01
   6.5650000e+02   3.6818820e-01
   6.5700000e+02   3.7339013e-01
   6.5750000e+02   3.7863622e-01
   6.5800000e+02   3.8392692e-01
   6.5850000e+02   3.8926253e-01
   6.5900000e+02   3.9464318e-01
   6.5950000e+02   4.0006885e-01
   6.6000000e+02   4.0553931e-01
   6.6050000e+02   4.1105415e-01
   6.6100000e+02   4.1661277e-01
   6.6150000e+02   4.2221439e-01
   6.6200000e+02   4.2785803e-01
   6.6250000e+02   4.3354252e-01
   6.6300000e+02   4.3926652e-01
   6.6350000e+02   4.4502855e-01
   6.6400000e+02   4.5082694e-01
   6.6450000e+02   4.5665990e-01
   6.6500000e+02   4.6252551e-01
   6.6550000e+02   4.6842175e-01
   6.6600000e+02   4.7434650e-01
   6.6650000e+02   4.8029757e-01
   6.6700000e+02   4.8627273e-01
   6.6750000e+02   4.9226970e-01
   6.6800000e+02   4.9828617e-01
   6.6850000e+02   5.0431984e-01
   6.6900000e+02   5.1036842e-01
   6.6950000e+02   5.1642963e-01
   6.7000000e+02   5.2250124e-01
   6.7050000e+02   5.2858104e-01
   6.7100000e+02   5.3466688e-01
   6.7150000e+02   5.4075668e-01
   6.7200000e+02   5.4684841e-01
   6.7250000e+02   5.5294011e-01
   6.7300000e+02   5.5902989e-01
   6.7350000e+02   5.6511594e-01
   6.7400000e+02   5.7119650e-01
   6.7450000e+02   5.7726992e-01
   6.7500000e+02   5.8333457e-01
   6.7550000e+02   5.8938892e-01
   6.7600000e+02   5.9543150e-01
   6.7650000e+02   6.0146090e-01
   6.7700000e+02   6.0747574e-01
   6.7750000e+02   6.1347473e-01
   6.7800000e+02   6.1945661e-01
   6.7850000e+02   6.2542016e-01
   6.7900000e+02   6.3136420e-01
   6.7950000e+02   6.3728759e-01
   6.8000000e+02   6.4318923e-01
   6.8050000e+02   6.4906803e-01
   6.8100000e+02   6.5492294e-01
   6.8150000e+02   6.6075296e-01
   6.8200000e+02   6.6655711e-01
   6.8250000e+02   6.7233442e-01
   6.8300000e+02   6.7808398e-01
   6.8350000e+02   6.8380493e-01
   6.8400000e+02   6.8949643e-01
   6.8450000e+02   6.9515770e-01
   6.8500000e+02   7.0078800e-01
   6.8550000e+02   7.0638666e-01
   6.8600000e+02   7.1195305e-01
   6.8650000e+02   7.1748661e-01
   6.8700000e+02   7.2298684e-01
   6.8750000e+02   7.2845329e-01
   6.8800000e+02   7.3388558e-01
   6.8850000e+02   7.3928338e-01
   6.8900000e+02   7.4464640e-01
   6.8950000e+02   7.4997441e-01
   6.9000000e+02   7.5526723e-01
   6.9050000e+02   7.6052468e-01
   6.9100000e+02   7.6574663e-01
   6.9150000e+02   7.7093294e-01
   6.9200000e+02   7.7608350e-01
   6.9250000e+02   7.8119816e-01
   6.9300000e+02   7.8627677e-01
   6.9350000e+02   7.9131914e-01
   6.9400000e+02   7.9632504e-01
   6.9450000e+02   8.0129421e-01
   6.9500000e+02   8.0622631e-01
   6.9550000e+02   8.1112094e-01
   6.9600000e+02   8.1597764e-01
   6.9650000e+02   8.2079588e-01
   6.9700000e+02   8.2557505e-01
   6.9750000e+02   8.3031444e-01
   6.9800000e+02   8.3501328e-01
   6.9850000e+02   8.3967071e-01
   6.9900000e+02   8.4428577e-01
   6.9950000e+02   8.4885744e-01
   7.0000000e+02   8.5338458e-01
   7.0050000e+02   8.5786600e-01
   7.0100000e+02   8.6230040e-01
   7.0150000e+02   8.6668641e-01
   7.0200000e+02   8.7102258e-01
   7.0250000e+02   8.7530738e-01
   7.0300000e+02   8.7953921e-01
   7.0350000e+02   8.8371642e-01
   7.0400000e+02   8.8783728e-01
   7.0450000e+02   8.9190002e-01
   7.0500000e+02   8.9590283e-01
   7.0550000e+02   8.9984388e-01
   7.0600000e+02   9.0372132e-01
   7.0650000e+02   9.0753327e-01
   7.0700000e+02   9.1127789e-01
   7.0750000e+02   9.1495336e-01
   7.0800000e+02   9.1855789e-01
   7.0850000e+02   9.2208975e-01
   7.0900000e+02   9.2554729e-01
   7.0950000e+02   9.2892892e-01
   7.1000000e+02   9.3223319e-01
   7.1050000e+02   9.3545874e-01
   7.1100000e+02   9.3860432e-01
   7.1150000e+02   9.4166885e-01
   7.1200000e+02   9.4465136e-01
   7.1250000e+02   9.4755105e-01
   7.1300000e+02   9.5036724e-01
   7.1350000e+02   9.5309943e-01
   7.1400000e+02   9.5574726e-01
   7.1450000e+02   9.5831051e-01
   7.1500000e+02   9.6078911e-01
   7.1550000e+02   9.6318312e-01
   7.1600000e+02   9.6549274e-01
   7.1650000e+02   9.6771829e-01
   7.1700000e+02   9.6986021e-01
   7.1750000e+02   9.7191906e-01
   7.1800000e+02   9.7389549e-01
   7.1850000e+02   9.7579026e-01
   7.1900000e+02   9.7760420e-01
   7.1950000e+02   9.7933824e-01
   7.2000000e+02   9.8099335e-01
   7.2050000e+02   9.8257060e-01
   7.2100000e+02   9.8407108e-01
   7.2150000e+02   9.8549592e-01
   7.2200000e+02   9.8684629e-01
   7.2250000e+02   9.8812336e-01
   7.2300000e+02   9.8932833e-01
   7.2350000e+02   9.9046240e-01
   7.2400000e+02   9.9152674e-01
   7.2450000e+02   9.9252253e-01
   7.2500000e+02   9.9345093e-01
   7.2550000e+02   9.9431307e-01
   7.2600000e+02   9.9511006e-01
   7.2650000e+02   9.9584299e-01
   7.2700000e+02   9.9651293e-01
   7.2750000e+02   9.9712091e-01
   7.2800000e+02   9.9766793e-01
   7.2850000e+02   9.9815498e-01
   7.2900000e+02   9.9858302e-01
   7.2950000e+02   9.9895297e-01
   7.3000000e+02   9.9926572e-01
   7.3050000e+02   9.9952212e-01
   7.3100000e+02   9.9972301e-01
   7.3150000e+02   9.9986914e-01
   7.3200000e+02   9.9996125e-01
   7.3250000e+02   1.0000000e+00
   7.3300000e+02   9.9998599e-01
   7.3350000e+02   9.9991975e-01
   7.3400000e+02   9.9980175e-01
   7.3450000e+02   9.9963234e-01
   7.3500000e+02   9.9941182e-01
   7.3550000e+02   9.9914036e-01
   7.3600000e+02   9.9881806e-01
   7.3650000e+02   9.9844489e-01
   7.3700000e+02   9.9802074e-01
   7.3750000e+02   9.9754538e-01
   7.3800000e+02   9.9701850e-01
   7.3850000e+02   9.9643968e-01
   7.3900000e+02   9.9580842e-01
   7.3950000e+02   9.9512415e-01
   7.4000000e+02   9.9438624e-01
   7.4050000e+02   9.9359399e-01
   7.4100000e+02   9.9274668e-01
   7.4150000e+02   9.9184357e-01
   7.4200000e+02   9.9088391e-01
   7.4250000e+02   9.8986695e-01
   7.4300000e+02   9.8879198e-01
   7.4350000e+02   9.8765831e-01
   7.4400000e+02   9.8646533e-01
   7.4450000e+02   9.8521248e-01
   7.4500000e+02   9.8389930e-01
   7.4550000e+02   9.8252542e-01
   7.4600000e+02   9.8109059e-01
   7.4650000e+02   9.7959468e-01
   7.4700000e+02   9.7803772e-01
   7.4750000e+02   9.7641989e-01
   7.4800000e+02   9.7474153e-01
   7.4850000e+02   9.7300317e-01
   7.4900000e+02   9.7120555e-01
   7.4950000e+02   9.6934959e-01
   7.5000000e+02   9.6743643e-01
   7.5050000e+02   9.6546744e-01
   7.5100000e+02   9.6344419e-01
   7.5150000e+02   9.6136847e-01
   7.5200000e+02   9.5924228e-01
   7.5250000e+02   9.5706782e-01
   7.5300000e+02   9.5484747e-01
   7.5350000e+02   9.5258378e-01
   7.5400000e+02   9.5027944e-01
   7.5450000e+02   9.4793725e-01
   7.5500000e+02   9.4556010e-01
   7.5550000e+02   9.4315095e-01
   7.5600000e+02   9.4071275e-01
   7.5650000e+02   9.3824846e-01
   7.5700000e+02   9.3576099e-01
   7.5750000e+02   9.3325315e-01
   7.5800000e+02   9.3072765e-01
   7.5850000e+02   9.2818703e-01
   7.5900000e+02   9.2563363e-01
   7.5950000e+02   9.2306959e-01
   7.6000000e+02   9.2049677e-01
   7.6050000e+02   9.1791676e-01
   7.6100000e+02   9.1533086e-01
   7.6150000e+02   9.1274002e-01
   7.6200000e+02   9.1014487e-01
   7.6250000e+02   9.0754569e-01
   7.6300000e+02   9.0494239e-01
   7.6350000e+02   9.0233455e-01
   7.6400000e+02   8.9972139e-01
   7.6450000e+02   8.9710180e-01
   7.6500000e+02   8.9447435e-01
   7.6550000e+02   8.9183730e-01
   7.6600000e+02   8.8918865e-01
   7.6650000e+02   8.8652615e-01
   7.6700000e+02   8.8384734e-01
   7.6750000e+02   8.8114956e-01
   7.6800000e+02   8.7843002e-01
   7.6850000e+02   8.7568584e-01
   7.6900000e+02   8.7291403e-01
   7.6950000e+02   8.7011162e-01
   7.7000000e+02   8.6727562e-01
   7.7050000e+02   8.6440311e-01
   7.7100000e+02   8.6149128e-01
   7.7150000e+02   8.5853742e-01
   7.7200000e+02   8.5553904e-01
   7.7250000e+02   8.5249383e-01
   7.7300000e+02   8.4939972e-01
   7.7350000e+02   8.4625493e-01
   7.7400000e+02   8.4305798e-01
   7.7450000e+02   8.3980770e-01
   7.7500000e+02   8.3650326e-01
   7.7550000e+02   8.3314417e-01
   7.7600000e+02   8.2973033e-01
   7.7650000e+02   8.2626198e-01
   7.7700000e+02   8.2273973e-01
   7.7750000e+02   8.1916459e-01
   7.7800000e+02   8.1553791e-01
   7.7850000e+02   8.1186142e-01
   7.7900000e+02   8.0813720e-01
   7.7950000e+02   8.0436771e-01
   7.8000000e+02   8.0055573e-01
   7.8050000e+02   7.9670438e-01
   7.8100000e+02   7.9281710e-01
   7.8150000e+02   7.8889763e-01
   7.8200000e+02   7.8495002e-01
   7.8250000e+02   7.8097859e-01
   7.8300000e+02   7.7698792e-01
   7.8350000e+02   7.7298283e-01
   7.8400000e+02   7.6896841e-01
   7.8450000e+02   7.6494994e-01
   7.8500000e+02   7.6093291e-01
   7.8550000e+02   7.5692300e-01
   7.8600000e+02   7.5292606e-01
   7.8650000e+02   7.4894813e-01
   7.8700000e+02   7.4499536e-01
   7.8750000e+02   7.4107404e-01
   7.8800000e+02   7.3719057e-01
   7.8850000e+02   7.3335146e-01
   7.8900000e+02   7.2956325e-01
   7.8950000e+02   7.2583255e-01
   7.9000000e+02   7.2216600e-01
   7.9050000e+02   7.1857020e-01
   7.9100000e+02   7.1505176e-01
   7.9150000e+02   7.1161718e-01
   7.9200000e+02   7.0827291e-01
   7.9250000e+02   7.0502522e-01
   7.9300000e+02   7.0188026e-01
   7.9350000e+02   6.9884394e-01
   7.9400000e+02   6.9592196e-01
   7.9450000e+02   6.9311970e-01
   7.9500000e+02   6.9044225e-01
   7.9550000e+02   6.8789430e-01
   7.9600000e+02   6.8548015e-01
   7.9650000e+02   6.8320363e-01
   7.9700000e+02   6.8106804e-01
   7.9750000e+02   6.7907616e-01
   7.9800000e+02   6.7723014e-01
   7.9850000e+02   6.7553146e-01
   7.9900000e+02   6.7398089e-01
   7.9950000e+02   6.7257844e-01
   8.0000000e+02   6.7132327e-01
