   3.5000000e+02   6.6817516e-01
   3.5050000e+02   6.6581235e-01
   3.5100000e+02   6.6329898e-01
   3.5150000e+02   6.6053684e-01
   3.5200000e+02   6.5744563e-01
   3.5250000e+02   6.5397075e-01
   3.5300000e+02   6.5008812e-01
   3.5350000e+02   6.4580537e-01
   3.5400000e+02   6.4115962e-01
   3.5450000e+02   6.3621224e-01
   3.5500000e+02   6.3104160e-01
   3.5550000e+02   6.2573493e-01
   3.5600000e+02   6.2038029e-01
   3.5650000e+02   6.1505991e-01
   3.5700000e+02   6.0984508e-01
   3.5750000e+02   6.0479314e-01
   3.5800000e+02   5.9994601e-01
   3.5850000e+02   5.9533015e-01
   3.5900000e+02   5.9095742e-01
   3.5950000e+02   5.8682653e-01
   3.6000000e+02   5.8292497e-01
   3.6050000e+02   5.7923105e-01
   3.6100000e+02   5.7571620e-01
   3.6150000e+02   5.7234737e-01
   3.6200000e+02   5.6908963e-01
   3.6250000e+02   5.6590897e-01
   3.6300000e+02   5.6277500e-01
   3.6350000e+02   5.5966331e-01
   3.6400000e+02   5.5655722e-01
   3.6450000e+02   5.5344863e-01
   3.6500000e+02   5.5033822e-01
   3.6550000e+02   5.4723472e-01
   3.6600000e+02   5.4415382e-01
   3.6650000e+02   5.4111654e-01
   3.6700000e+02   5.3814749e-01
   3.6750000e+02   5.3527299e-01
   3.6800000e+02   5.3251932e-01
   3.6850000e+02   5.2991105e-01
   3.6900000e+02   5.2746975e-01
   3.6950000e+02   5.2521302e-01
   3.7000000e+02   5.2315386e-01
   3.7050000e+02   5.2130031e-01
   3.7100000e+02   5.1965514e-01
   3.7150000e+02   5.1821555e-01
   3.7200000e+02   5.1697288e-01
   3.7250000e+02   5.1591244e-01
   3.7300000e+02   5.1501364e-01
   3.7350000e+02   5.1425060e-01
   3.7400000e+02   5.1359326e-01
   3.7450000e+02   5.1300889e-01
   3.7500000e+02   5.1246403e-01
   3.7550000e+02   5.1192638e-01
   3.7600000e+02   5.1136653e-01
   3.7650000e+02   5.1075943e-01
   3.7700000e+02   5.1008519e-01
   3.7750000e+02   5.0932954e-01
   3.7800000e+02   5.0848381e-01
   3.7850000e+02   5.0754445e-01
   3.7900000e+02   5.0651225e-01
   3.7950000e+02   5.0539135e-01
   3.8000000e+02   5.0418797e-01
   3.8050000e+02   5.0290928e-01
   3.8100000e+02   5.0156231e-01
   3.8150000e+02   5.0015321e-01
   3.8200000e+02   4.9868685e-01
   3.8250000e+02   4.9716688e-01
   3.8300000e+02   4.9559611e-01
   3.8350000e+02   4.9397712e-01
   3.8400000e+02   4.9231294e-01
   3.8450000e+02   4.9060770e-01
   3.8500000e+02   4.8886701e-01
   3.8550000e+02   4.8709809e-01
   3.8600000e+02   4.8530965e-01
   3.8650000e+02   4.8351150e-01
   3.8700000e+02   4.8171404e-01
   3.8750000e+02   4.7992768e-01
   3.8800000e+02   4.7816229e-01
   3.8850000e+02   4.7642663e-01
   3.8900000e+02   4.7472798e-01
   3.8950000e+02   4.7307177e-01
   3.9000000e+02   4.7146138e-01
   3.9050000e+02   4.6989798e-01
   3.9100000e+02   4.6838045e-01
   3.9150000e+02   4.6690545e-01
   3.9200000e+02   4.6546738e-01
   3.9250000e+02   4.6405857e-01
   3.9300000e+02   4.6266936e-01
   3.9350000e+02   4.6128825e-01
   3.9400000e+02   4.5990210e-01
   3.9450000e+02   4.5849625e-01
   3.9500000e+02   4.5705477e-01
   3.9550000e+02   4.5556062e-01
   3.9600000e+02   4.5399596e-01
   3.9650000e+02   4.5234245e-01
   3.9700000e+02   4.5058171e-01
   3.9750000e+02   4.4869573e-01
   3.9800000e+02   4.4666735e-01
   3.9850000e+02   4.4448061e-01
   3.9900000e+02   4.4212131e-01
   3.9950000e+02   4.3957741e-01
   4.0000000e+02   4.3683974e-01
   4.0050000e+02   4.3390263e-01
   4.0100000e+02   4.3076457e-01
   4.0150000e+02   4.2742886e-01
   4.0200000e+02   4.2390394e-01
   4.0250000e+02   4.2020359e-01
   4.0300000e+02   4.1634675e-01
   4.0350000e+02   4.1235694e-01
   4.0400000e+02   4.0826145e-01
   4.0450000e+02   4.0409015e-01
   4.0500000e+02   3.9987416e-01
   4.0550000e+02   3.9564450e-01
   4.0600000e+02   3.9143086e-01
   4.0650000e+02   3.8726055e-01
   4.0700000e+02   3.8315785e-01
   4.0750000e+02   3.7914366e-01
   4.0800000e+02   3.7523547e-01
   4.0850000e+02   3.7144760e-01
   4.0900000e+02   3.6779165e-01
   4.0950000e+02   3.6427697e-01
   4.1000000e+02   3.6091108e-01
   4.1050000e+02   3.5770007e-01
   4.1100000e+02   3.5464877e-01
   4.1150000e+02   3.5176086e-01
   4.1200000e+02   3.4903887e-01
   4.1250000e+02   3.4648413e-01
   4.1300000e+02   3.4409667e-01
   4.1350000e+02   3.4187511e-01
   4.1400000e+02   3.3981656e-01
   4.1450000e+02   3.3791646e-01
   4.1500000e+02   3.3616847e-01
   4.1550000e+02   3.3456446e-01
   4.1600000e+02   3.3309456e-01
   4.1650000e+02   3.3174744e-01
   4.1700000e+02   3.3051072e-01
   4.1750000e+02   3.2937144e-01
   4.1800000e+02   3.2831668e-01
   4.1850000e+02   3.2733409e-01
   4.1900000e+02   3.2641235e-01
   4.1950000e+02   3.2554158e-01
   4.2000000e+02   3.2471363e-01
   4.2050000e+02   3.2392224e-01
   4.2100000e+02   3.2316318e-01
   4.2150000e+02   3.2243415e-01
   4.2200000e+02   3.2173468e-01
   4.2250000e+02   3.2106596e-01
   4.2300000e+02   3.2043060e-01
   4.2350000e+02   3.1983240e-01
   4.2400000e+02   3.1927617e-01
   4.2450000e+02   3.1876746e-01
   4.2500000e+02   3.1831225e-01
   4.2550000e+02   3.1791666e-01
   4.2600000e+02   3.1758643e-01
   4.2650000e+02   3.1732647e-01
   4.2700000e+02   3.1714029e-01
   4.2750000e+02   3.1702957e-01
   4.2800000e+02   3.1699383e-01
   4.2850000e+02   3.1703038e-01
   4.2900000e+02   3.1713447e-01
   4.2950000e+02   3.1729981e-01
   4.3000000e+02   3.1751921e-01
   4.3050000e+02   3.1778546e-01
   4.3100000e+02   3.1809212e-01
   4.3150000e+02   3.1843428e-01
   4.3200000e+02   3.1880916e-01
   4.3250000e+02   3.1921639e-01
   4.3300000e+02   3.1965813e-01
   4.3350000e+02   3.2013889e-01
   4.3400000e+02   3.2066515e-01
   4.3450000e+02   3.2124488e-01
   4.3500000e+02   3.2188691e-01
   4.3550000e+02   3.2260033e-01
   4.3600000e+02   3.2339397e-01
   4.3650000e+02   3.2427587e-01
   4.3700000e+02   3.2525293e-01
   4.3750000e+02   3.2633066e-01
   4.3800000e+02   3.2751294e-01
   4.3850000e+02   3.2880199e-01
   4.3900000e+02   3.3019831e-01
   4.3950000e+02   3.3170077e-01
   4.4000000e+02   3.3330675e-01
   4.4050000e+02   3.3501238e-01
   4.4100000e+02   3.3681279e-01
   4.4150000e+02   3.3870242e-01
   4.4200000e+02   3.4067533e-01
   4.4250000e+02   3.4272550e-01
   4.4300000e+02   3.4484711e-01
   4.4350000e+02   3.4703471e-01
   4.4400000e+02   3.4928338e-01
   4.4450000e+02   3.5158880e-01
   4.4500000e+02   3.5394723e-01
   4.4550000e+02   3.5635549e-01
   4.4600000e+02   3.5881099e-01
   4.4650000e+02   3.6131176e-01
   4.4700000e+02   3.6385653e-01
   4.4750000e+02   3.6644493e-01
   4.4800000e+02   3.6907754e-01
   4.4850000e+02   3.7175602e-01
   4.4900000e+02   3.7448290e-01
   4.4950000e+02   3.7726134e-01
   4.5000000e+02   3.8009465e-01
   4.5050000e+02   3.8298567e-01
   4.5100000e+02   3.8593616e-01
   4.5150000e+02   3.8894630e-01
   4.5200000e+02   3.9201428e-01
   4.5250000e+02   3.9513623e-01
   4.5300000e+02   3.9830637e-01
   4.5350000e+02   4.0151739e-01
   4.5400000e+02   4.0476117e-01
   4.5450000e+02   4.0802951e-01
   4.5500000e+02   4.1131492e-01
   4.5550000e+02   4.1461139e-01
   4.5600000e+02   4.1791483e-01
   4.5650000e+02   4.2122342e-01
   4.5700000e+02   4.2453760e-01
   4.5750000e+02   4.2785994e-01
   4.5800000e+02   4.3119477e-01
   4.5850000e+02   4.3454787e-01
   4.5900000e+02   4.3792594e-01
   4.5950000e+02   4.4133616e-01
   4.6000000e+02   4.4478561e-01
   4.6050000e+02   4.4828081e-01
   4.6100000e+02   4.5182716e-01
   4.6150000e+02   4.5542857e-01
   4.6200000e+02   4.5908716e-01
   4.6250000e+02   4.6280311e-01
   4.6300000e+02   4.6657471e-01
   4.6350000e+02   4.7039848e-01
   4.6400000e+02   4.7426957e-01
   4.6450000e+02   4.7818207e-01
   4.6500000e+02   4.8212952e-01
   4.6550000e+02   4.8610541e-01
   4.6600000e+02   4.9010361e-01
   4.6650000e+02   4.9411881e-01
   4.6700000e+02   4.9814682e-01
   4.6750000e+02   5.0218465e-01
   4.6800000e+02   5.0623055e-01
   4.6850000e+02   5.1028386e-01
   4.6900000e+02   5.1434489e-01
   4.6950000e+02   5.1841474e-01
   4.7000000e+02   5.2249520e-01
   4.7050000e+02   5.2658868e-01
   4.7100000e+02   5.3069817e-01
   4.7150000e+02   5.3482724e-01
   4.7200000e+02   5.3897998e-01
   4.7250000e+02   5.4316084e-01
   4.7300000e+02   5.4737447e-01
   4.7350000e+02   5.5162540e-01
   4.7400000e+02   5.5591769e-01
   4.7450000e+02   5.6025455e-01
   4.7500000e+02   5.6463796e-01
   4.7550000e+02   5.6906840e-01
   4.7600000e+02   5.7354463e-01
   4.7650000e+02   5.7806368e-01
   4.7700000e+02   5.8262093e-01
   4.7750000e+02   5.8721036e-01
   4.7800000e+02   5.9182492e-01
   4.7850000e+02   5.9645693e-01
   4.7900000e+02   6.0109862e-01
   4.7950000e+02   6.0574255e-01
   4.8000000e+02   6.1038205e-01
   4.8050000e+02   6.1501160e-01
   4.8100000e+02   6.1962703e-01
   4.8150000e+02   6.2422566e-01
   4.8200000e+02   6.2880626e-01
   4.8250000e+02   6.3336890e-01
   4.8300000e+02   6.3791478e-01
   4.8350000e+02   6.4244591e-01
   4.8400000e+02   6.4696487e-01
   4.8450000e+02   6.5147452e-01
   4.8500000e+02   6.5597779e-01
   4.8550000e+02   6.6047748e-01
   4.8600000e+02   6.6497611e-01
   4.8650000e+02   6.6947585e-01
   4.8700000e+02   6.7397851e-01
   4.8750000e+02   6.7848552e-01
   4.8800000e+02   6.8299796e-01
   4.8850000e+02   6.8751664e-01
   4.8900000e+02   6.9204213e-01
   4.8950000e+02   6.9657479e-01
   4.9000000e+02   7.0111485e-01
   4.9050000e+02   7.0566246e-01
   4.9100000e+02   7.1021774e-01
   4.9150000e+02   7.1478081e-01
   4.9200000e+02   7.1935184e-01
   4.9250000e+02   7.2393103e-01
   4.9300000e+02   7.2851870e-01
   4.9350000e+02   7.3311524e-01
   4.9400000e+02   7.3772116e-01
   4.9450000e+02   7.4233711e-01
   4.9500000e+02   7.4696385e-01
   4.9550000e+02   7.5160221e-01
   4.9600000e+02   7.5625295e-01
   4.9650000e+02   7.6091652e-01
   4.9700000e+02   7.6559278e-01
   4.9750000e+02   7.7028067e-01
   4.9800000e+02   7.7497791e-01
   4.9850000e+02   7.7968083e-01
   4.9900000e+02   7.8438428e-01
   4.9950000e+02   7.8908178e-01
   5.0000000e+02   7.9376573e-01
   5.0050000e+02   7.9842786e-01
   5.0100000e+02   8.0305970e-01
   5.0150000e+02   8.0765307e-01
   5.0200000e+02   8.1220056e-01
   5.0250000e+02   8.1669594e-01
   5.0300000e+02   8.2113439e-01
   5.0350000e+02   8.2551271e-01
   5.0400000e+02   8.2982932e-01
   5.0450000e+02   8.3408416e-01
   5.0500000e+02   8.3827858e-01
   5.0550000e+02   8.4241500e-01
   5.0600000e+02   8.4649656e-01
   5.0650000e+02   8.5052680e-01
   5.0700000e+02   8.5450925e-01
   5.0750000e+02   8.5844708e-01
   5.0800000e+02   8.6234290e-01
   5.0850000e+02   8.6619861e-01
   5.0900000e+02   8.7001536e-01
   5.0950000e+02   8.7379362e-01
   5.1000000e+02   8.7753327e-01
   5.1050000e+02   8.8123371e-01
   5.1100000e+02   8.8489399e-01
   5.1150000e+02   8.8851284e-01
   5.1200000e+02   8.9208880e-01
   5.1250000e+02   8.9562020e-01
   5.1300000e+02   8.9910528e-01
   5.1350000e+02   9.0254221e-01
   5.1400000e+02   9.0592926e-01
   5.1450000e+02   9.0926490e-01
   5.1500000e+02   9.1254793e-01
   5.1550000e+02   9.1577761e-01
   5.1600000e+02   9.1895375e-01
   5.1650000e+02   9.2207675e-01
   5.1700000e+02   9.2514755e-01
   5.1750000e+02   9.2816765e-01
   5.1800000e+02   9.3113896e-01
   5.1850000e+02   9.3406366e-01
   5.1900000e+02   9.3694404e-01
   5.1950000e+02   9.3978229e-01
   5.2000000e+02   9.4258028e-01
   5.2050000e+02   9.4533928e-01
   5.2100000e+02   9.4805970e-01
   5.2150000e+02   9.5074096e-01
   5.2200000e+02   9.5338133e-01
   5.2250000e+02   9.5597803e-01
   5.2300000e+02   9.5852733e-01
   5.2350000e+02   9.6102481e-01
   5.2400000e+02   9.6346565e-01
   5.2450000e+02   9.6584490e-01
   5.2500000e+02   9.6815771e-01
   5.2550000e+02   9.7039954e-01
   5.2600000e+02   9.7256624e-01
   5.2650000e+02   9.7465412e-01
   5.2700000e+02   9.7666001e-01
   5.2750000e+02   9.7858121e-01
   5.2800000e+02   9.8041558e-01
   5.2850000e+02   9.8216145e-01
   5.2900000e+02   9.8381763e-01
   5.2950000e+02   9.8538334e-01
   5.3000000e+02   9.8685817e-01
   5.3050000e+02   9.8824202e-01
   5.3100000e+02   9.8953510e-01
   5.3150000e+02   9.9073794e-01
   5.3200000e+02   9.9185138e-01
   5.3250000e+02   9.9287669e-01
   5.3300000e+02   9.9381561e-01
   5.3350000e+02   9.9467042e-01
   5.3400000e+02   9.9544404e-01
   5.3450000e+02   9.9614004e-01
   5.3500000e+02   9.9676260e-01
   5.3550000e+02   9.9731643e-01
   5.3600000e+02   9.9780660e-01
   5.3650000e+02   9.9823821e-01
   5.3700000e+02   9.9861614e-01
   5.3750000e+02   9.9894464e-01
   5.3800000e+02   9.9922708e-01
   5.3850000e+02   9.9946569e-01
   5.3900000e+02   9.9966150e-01
   5.3950000e+02   9.9981432e-01
   5.4000000e+02   9.9992302e-01
   5.4050000e+02   9.9998568e-01
   5.4100000e+02   1.0000000e+00
   5.4150000e+02   9.9996358e-01
   5.4200000e+02   9.9987417e-01
   5.4250000e+02   9.9972983e-01
   5.4300000e+02   9.9952898e-01
   5.4350000e+02   9.9927040e-01
   5.4400000e+02   9.9895306e-01
   5.4450000e+02   9.9857600e-01
   5.4500000e+02   9.9813811e-01
   5.4550000e+02   9.9763797e-01
   5.4600000e+02   9.9707362e-01
   5.4650000e+02   9.9644250e-01
   5.4700000e+02   9.9574141e-01
   5.4750000e+02   9.9496654e-01
   5.4800000e+02   9.9411372e-01
   5.4850000e+02   9.9317864e-01
   5.4900000e+02   9.9215725e-01
   5.4950000e+02   9.9104619e-01
   5.5000000e+02   9.8984314e-01
   5.5050000e+02   9.8854714e-01
   5.5100000e+02   9.8715885e-01
   5.5150000e+02   9.8568055e-01
   5.5200000e+02   9.8411603e-01
   5.5250000e+02   9.8247032e-01
   5.5300000e+02   9.8074929e-01
   5.5350000e+02   9.7895910e-01
   5.5400000e+02   9.7710571e-01
   5.5450000e+02   9.7519435e-01
   5.5500000e+02   9.7322916e-01
   5.5550000e+02   9.7121289e-01
   5.5600000e+02   9.6914677e-01
   5.5650000e+02   9.6703061e-01
   5.5700000e+02   9.6486292e-01
   5.5750000e+02   9.6264130e-01
   5.5800000e+02   9.6036273e-01
   5.5850000e+02   9.5802406e-01
   5.5900000e+02   9.5562228e-01
   5.5950000e+02   9.5315483e-01
   5.6000000e+02   9.5061980e-01
   5.6050000e+02   9.4801593e-01
   5.6100000e+02   9.4534269e-01
   5.6150000e+02   9.4260018e-01
   5.6200000e+02   9.3978905e-01
   5.6250000e+02   9.3691047e-01
   5.6300000e+02   9.3396603e-01
   5.6350000e+02   9.3095773e-01
   5.6400000e+02   9.2788789e-01
   5.6450000e+02   9.2475906e-01
   5.6500000e+02   9.2157390e-01
   5.6550000e+02   9.1833497e-01
   5.6600000e+02   9.1504450e-01
   5.6650000e+02   9.1170418e-01
   5.6700000e+02   9.0831493e-01
   5.6750000e+02   9.0487686e-01
   5.6800000e+02   9.0138920e-01
   5.6850000e+02   8.9785041e-01
   5.6900000e+02   8.9425835e-01
   5.6950000e+02   8.9061059e-01
   5.7000000e+02   8.8690465e-01
   5.7050000e+02   8.8313831e-01
   5.7100000e+02   8.7930991e-01
   5.7150000e+02   8.7541853e-01
   5.7200000e+02   8.7146414e-01
   5.7250000e+02   8.6744765e-01
   5.7300000e+02   8.6337096e-01
   5.7350000e+02   8.5923687e-01
   5.7400000e+02   8.5504895e-01
   5.7450000e+02   8.5081138e-01
   5.7500000e+02   8.4652875e-01
   5.7550000e+02   8.4220583e-01
   5.7600000e+02   8.3784730e-01
   5.7650000e+02   8.3345759e-01
   5.7700000e+02   8.2904069e-01
   5.7750000e+02   8.2460004e-01
   5.7800000e+02   8.2013848e-01
   5.7850000e+02   8.1565829e-01
   5.7900000e+02   8.1116121e-01
   5.7950000e+02   8.0664859e-01
   5.8000000e+02   8.0212156e-01
   5.8050000e+02   7.9758110e-01
   5.8100000e+02   7.9302825e-01
   5.8150000e+02   7.8846408e-01
   5.8200000e+02   7.8388970e-01
   5.8250000e+02   7.7930609e-01
   5.8300000e+02   7.7471394e-01
   5.8350000e+02   7.7011344e-01
   5.8400000e+02   7.6550410e-01
   5.8450000e+02   7.6088463e-01
   5.8500000e+02   7.5625294e-01
   5.8550000e+02   7.5160624e-01
   5.8600000e+02   7.4694118e-01
   5.8650000e+02   7.4225413e-01
   5.8700000e+02   7.3754147e-01
   5.8750000e+02   7.3279986e-01
   5.8800000e+02   7.2802647e-01
   5.8850000e+02   7.2321918e-01
   5.8900000e+02   7.1837667e-01
   5.8950000e+02   7.1349843e-01
   5.9000000e+02   7.0858463e-01
   5.9050000e+02   7.0363600e-01
   5.9100000e+02   6.9865359e-01
   5.9150000e+02   6.9363850e-01
   5.9200000e+02   6.8859174e-01
   5.9250000e+02   6.8351401e-01
   5.9300000e+02   6.7840564e-01
   5.9350000e+02   6.7326661e-01
   5.9400000e+02   6.6809656e-01
   5.9450000e+02   6.6289498e-01
   5.9500000e+02   6.5766146e-01
   5.9550000e+02   6.5239590e-01
   5.9600000e+02   6.4709886e-01
   5.9650000e+02   6.4177184e-01
   5.9700000e+02   6.3641751e-01
   5.9750000e+02   6.3103988e-01
   5.9800000e+02   6.2564421e-01
   5.9850000e+02   6.2023690e-01
   5.9900000e+02   6.1482510e-01
   5.9950000e+02   6.0941637e-01
   6.0000000e+02   6.0401809e-01
   6.0050000e+02   5.9863710e-01
   6.0100000e+02   5.9327922e-01
   6.0150000e+02   5.8794896e-01
   6.0200000e+02   5.8264942e-01
   6.0250000e+02   5.7738218e-01
   6.0300000e+02   5.7214751e-01
   6.0350000e+02   5.6694452e-01
   6.0400000e+02   5.6177154e-01
   6.0450000e+02   5.5662636e-01
   6.0500000e+02   5.5150664e-01
   6.0550000e+02   5.4641017e-01
   6.0600000e+02   5.4133515e-01
   6.0650000e+02   5.3628034e-01
   6.0700000e+02   5.3124516e-01
   6.0750000e+02   5.2622962e-01
   6.0800000e+02   5.2123426e-01
   6.0850000e+02   5.1625993e-01
   6.0900000e+02   5.1130764e-01
   6.0950000e+02   5.0637831e-01
   6.1000000e+02   5.0147268e-01
   6.1050000e+02   4.9659120e-01
   6.1100000e+02   4.9173394e-01
   6.1150000e+02   4.8690060e-01
   6.1200000e+02   4.8209048e-01
   6.1250000e+02   4.7730256e-01
   6.1300000e+02   4.7253550e-01
   6.1350000e+02   4.6778773e-01
   6.1400000e+02   4.6305750e-01
   6.1450000e+02   4.5834304e-01
   6.1500000e+02   4.5364263e-01
   6.1550000e+02   4.4895474e-01
   6.1600000e+02   4.4427816e-01
   6.1650000e+02   4.3961216e-01
   6.1700000e+02   4.3495660e-01
   6.1750000e+02   4.3031205e-01
   6.1800000e+02   4.2567988e-01
   6.1850000e+02   4.2106221e-01
   6.1900000e+02   4.1646189e-01
   6.1950000e+02   4.1188237e-01
   6.2000000e+02   4.0732753e-01
   6.2050000e+02   4.0280145e-01
   6.2100000e+02   3.9830825e-01
   6.2150000e+02   3.9385189e-01
   6.2200000e+02   3.8943591e-01
   6.2250000e+02   3.8506337e-01
   6.2300000e+02   3.8073668e-01
   6.2350000e+02   3.7645761e-01
   6.2400000e+02   3.7222731e-01
   6.2450000e+02   3.6804640e-01
   6.2500000e+02   3.6391516e-01
   6.2550000e+02   3.5983362e-01
   6.2600000e+02   3.5580169e-01
   6.2650000e+02   3.5181929e-01
   6.2700000e+02   3.4788633e-01
   6.2750000e+02   3.4400272e-01
   6.2800000e+02   3.4016831e-01
   6.2850000e+02   3.3638282e-01
   6.2900000e+02   3.3264572e-01
   6.2950000e+02   3.2895618e-01
   6.3000000e+02   3.2531302e-01
   6.3050000e+02   3.2171470e-01
   6.3100000e+02   3.1815934e-01
   6.3150000e+02   3.1464485e-01
   6.3200000e+02   3.1116903e-01
   6.3250000e+02   3.0772975e-01
   6.3300000e+02   3.0432505e-01
   6.3350000e+02   3.0095333e-01
   6.3400000e+02   2.9761338e-01
   6.3450000e+02   2.9430443e-01
   6.3500000e+02   2.9102613e-01
   6.3550000e+02   2.8777845e-01
   6.3600000e+02   2.8456151e-01
   6.3650000e+02   2.8137549e-01
   6.3700000e+02   2.7822042e-01
   6.3750000e+02   2.7509613e-01
   6.3800000e+02   2.7200213e-01
   6.3850000e+02   2.6893762e-01
   6.3900000e+02   2.6590154e-01
   6.3950000e+02   2.6289262e-01
   6.4000000e+02   2.5990961e-01
   6.4050000e+02   2.5695136e-01
   6.4100000e+02   2.5401708e-01
   6.4150000e+02   2.5110641e-01
   6.4200000e+02   2.4821953e-01
   6.4250000e+02   2.4535716e-01
   6.4300000e+02   2.4252045e-01
   6.4350000e+02   2.3971092e-01
   6.4400000e+02   2.3693029e-01
   6.4450000e+02   2.3418026e-01
   6.4500000e+02   2.3146242e-01
   6.4550000e+02   2.2877806e-01
   6.4600000e+02   2.2612813e-01
   6.4650000e+02   2.2351327e-01
   6.4700000e+02   2.2093382e-01
   6.4750000e+02   2.1839000e-01
   6.4800000e+02   2.1588210e-01
   6.4850000e+02   2.1341067e-01
   6.4900000e+02   2.1097667e-01
   6.4950000e+02   2.0858161e-01
   6.5000000e+02   2.0622756e-01
   6.5050000e+02   2.0391697e-01
   6.5100000e+02   2.0165250e-01
   6.5150000e+02   1.9943660e-01
   6.5200000e+02   1.9727119e-01
   6.5250000e+02   1.9515723e-01
   6.5300000e+02   1.9309438e-01
   6.5350000e+02   1.9108076e-01
   6.5400000e+02   1.8911286e-01
   6.5450000e+02   1.8718563e-01
   6.5500000e+02   1.8529274e-01
   6.5550000e+02   1.8342696e-01
   6.5600000e+02   1.8158079e-01
   6.5650000e+02   1.7974707e-01
   6.5700000e+02   1.7791965e-01
   6.5750000e+02   1.7609395e-01
   6.5800000e+02   1.7426746e-01
   6.5850000e+02   1.7243991e-01
   6.5900000e+02   1.7061332e-01
   6.5950000e+02   1.6879172e-01
   6.6000000e+02   1.6698071e-01
   6.6050000e+02   1.6518681e-01
   6.6100000e+02   1.6341672e-01
   6.6150000e+02   1.6167659e-01
   6.6200000e+02   1.5997128e-01
   6.6250000e+02   1.5830393e-01
   6.6300000e+02   1.5667553e-01
   6.6350000e+02   1.5508491e-01
   6.6400000e+02   1.5352884e-01
   6.6450000e+02   1.5200247e-01
   6.6500000e+02   1.5049988e-01
   6.6550000e+02   1.4901479e-01
   6.6600000e+02   1.4754124e-01
   6.6650000e+02   1.4607429e-01
   6.6700000e+02   1.4461053e-01
   6.6750000e+02   1.4314845e-01
   6.6800000e+02   1.4168851e-01
   6.6850000e+02   1.4023309e-01
   6.6900000e+02   1.3878605e-01
   6.6950000e+02   1.3735234e-01
   6.7000000e+02   1.3593733e-01
   6.7050000e+02   1.3454623e-01
   6.7100000e+02   1.3318360e-01
   6.7150000e+02   1.3185287e-01
   6.7200000e+02   1.3055614e-01
   6.7250000e+02   1.2929409e-01
   6.7300000e+02   1.2806608e-01
   6.7350000e+02   1.2687035e-01
   6.7400000e+02   1.2570438e-01
   6.7450000e+02   1.2456529e-01
   6.7500000e+02   1.2345023e-01
   6.7550000e+02   1.2235671e-01
   6.7600000e+02   1.2128285e-01
   6.7650000e+02   1.2022750e-01
   6.7700000e+02   1.1919023e-01
   6.7750000e+02   1.1817130e-01
   6.7800000e+02   1.1717144e-01
   6.7850000e+02   1.1619179e-01
   6.7900000e+02   1.1523367e-01
   6.7950000e+02   1.1429851e-01
   6.8000000e+02   1.1338770e-01
   6.8050000e+02   1.1250249e-01
   6.8100000e+02   1.1164387e-01
   6.8150000e+02   1.1081247e-01
   6.8200000e+02   1.1000845e-01
   6.8250000e+02   1.0923147e-01
   6.8300000e+02   1.0848058e-01
   6.8350000e+02   1.0775432e-01
   6.8400000e+02   1.0705077e-01
   6.8450000e+02   1.0636772e-01
   6.8500000e+02   1.0570288e-01
   6.8550000e+02   1.0505406e-01
   6.8600000e+02   1.0441942e-01
   6.8650000e+02   1.0379755e-01
   6.8700000e+02   1.0318758e-01
   6.8750000e+02   1.0258909e-01
   6.8800000e+02   1.0200195e-01
   6.8850000e+02   1.0142616e-01
   6.8900000e+02   1.0086148e-01
   6.8950000e+02   1.0030714e-01
   6.9000000e+02   9.9761654e-02
   6.9050000e+02   9.9222570e-02
   6.9100000e+02   9.8686541e-02
   6.9150000e+02   9.8149472e-02
   6.9200000e+02   9.7606882e-02
   6.9250000e+02   9.7054401e-02
   6.9300000e+02   9.6488347e-02
   6.9350000e+02   9.5906281e-02
   6.9400000e+02   9.5307452e-02
   6.9450000e+02   9.4693055e-02
   6.9500000e+02   9.4066245e-02
   6.9550000e+02   9.3431896e-02
   6.9600000e+02   9.2796119e-02
   6.9650000e+02   9.2165609e-02
   6.9700000e+02   9.1546902e-02
   6.9750000e+02   9.0945651e-02
   6.9800000e+02   9.0366060e-02
   6.9850000e+02   8.9810555e-02
   6.9900000e+02   8.9279789e-02
   6.9950000e+02   8.8772977e-02
   7.0000000e+02   8.8288521e-02
