300.0000	0.00010
301.0000	0.00014
302.0000	0.00002
303.0000	0.00001
304.0000	-0.00005
305.0000	0.00008
306.0000	0.00003
307.0000	-0.00005
308.0000	0.00004
309.0000	0.00003
310.0000	0.00001
311.0000	0.00001
312.0000	0.00002
313.0000	0.00003
314.0000	0.00010
315.0000	0.00001
316.0000	0.00011
317.0000	0.00003
318.0000	0.00001
319.0000	0.00011
320.0000	0.00001
321.0000	0.00002
322.0000	0.00007
323.0000	-0.00008
324.0000	0.00005
325.0000	0.00005
326.0000	0.00004
327.0000	0.00002
328.0000	0.00005
329.0000	0.00008
330.0000	0.00006
331.0000	0.00002
332.0000	0.00002
333.0000	0.00006
334.0000	0.00010
335.0000	0.00003
336.0000	0.00003
337.0000	0.00002
338.0000	0.00005
339.0000	0.00000
340.0000	0.00003
341.0000	0.00002
342.0000	0.00002
343.0000	0.00002
344.0000	0.00001
345.0000	0.00002
346.0000	0.00005
347.0000	0.00004
348.0000	-0.00001
349.0000	0.00003
350.0000	0.00001
351.0000	0.00005
352.0000	0.00005
353.0000	0.00003
354.0000	0.00006
355.0000	0.00004
356.0000	0.00010
357.0000	0.00006
358.0000	0.00004
359.0000	0.00005
360.0000	0.00003
361.0000	0.00002
362.0000	0.00005
363.0000	0.00004
364.0000	0.00004
365.0000	0.00000
366.0000	0.00003
367.0000	0.00005
368.0000	0.00003
369.0000	-0.00001
370.0000	0.00004
371.0000	0.00004
372.0000	0.00004
373.0000	0.00004
374.0000	0.00005
375.0000	0.00000
376.0000	0.00006
377.0000	0.00003
378.0000	0.00002
379.0000	0.00006
380.0000	0.00005
381.0000	0.00002
382.0000	0.00004
383.0000	0.00004
384.0000	0.00003
385.0000	0.00005
386.0000	0.00009
387.0000	0.00012
388.0000	0.00009
389.0000	0.00004
390.0000	0.00005
391.0000	0.00015
392.0000	0.00013
393.0000	0.00011
394.0000	0.00006
395.0000	0.00006
396.0000	0.00004
397.0000	0.00003
398.0000	0.00005
399.0000	0.00004
400.0000	0.00004
401.0000	0.00004
402.0000	0.00003
403.0000	0.00003
404.0000	0.00004
405.0000	0.00002
406.0000	0.00003
407.0000	0.00001
408.0000	0.00002
409.0000	0.00004
410.0000	0.00003
411.0000	0.00004
412.0000	0.00003
413.0000	0.00004
414.0000	0.00006
415.0000	0.00006
416.0000	0.00004
417.0000	0.00003
418.0000	0.00007
419.0000	0.00002
420.0000	0.00004
421.0000	0.00004
422.0000	0.00003
423.0000	0.00002
424.0000	0.00004
425.0000	0.00002
426.0000	0.00003
427.0000	0.00002
428.0000	0.00002
429.0000	0.00004
430.0000	0.00003
431.0000	0.00005
432.0000	0.00005
433.0000	0.00008
434.0000	0.00004
435.0000	0.00003
436.0000	0.00002
437.0000	0.00003
438.0000	0.00002
439.0000	0.00003
440.0000	0.00003
441.0000	0.00004
442.0000	0.00005
443.0000	0.00005
444.0000	0.00004
445.0000	0.00002
446.0000	0.00004
447.0000	0.00003
448.0000	0.00003
449.0000	0.00003
450.0000	0.00003
451.0000	0.00003
452.0000	0.00003
453.0000	0.00002
454.0000	0.00002
455.0000	0.00003
456.0000	0.00003
457.0000	0.00003
458.0000	0.00003
459.0000	0.00003
460.0000	0.00004
461.0000	0.00003
462.0000	0.00003
463.0000	0.00004
464.0000	0.00008
465.0000	0.00005
466.0000	0.00003
467.0000	0.00002
468.0000	0.00001
469.0000	0.00005
470.0000	0.00003
471.0000	0.00003
472.0000	0.00003
473.0000	0.00003
474.0000	0.00004
475.0000	0.00004
476.0000	0.00003
477.0000	0.00005
478.0000	0.00004
479.0000	0.00003
480.0000	0.00005
481.0000	0.00006
482.0000	0.00003
483.0000	0.00003
484.0000	0.00004
485.0000	0.00006
486.0000	0.00005
487.0000	0.00003
488.0000	0.00003
489.0000	0.00003
490.0000	0.00003
491.0000	0.00004
492.0000	0.00003
493.0000	0.00003
494.0000	0.00006
495.0000	0.00013
496.0000	0.00007
497.0000	0.00004
498.0000	0.00007
499.0000	0.00007
500.0000	0.00004
501.0000	0.00005
502.0000	0.00006
503.0000	0.00006
504.0000	0.00008
505.0000	0.00029
506.0000	0.00547
507.0000	0.17015
508.0000	9.21332
509.0000	68.92560
510.0000	97.24270
511.0000	97.84090
512.0000	98.05580
513.0000	97.89170
514.0000	97.66600
515.0000	98.08840
516.0000	97.98700
517.0000	98.22460
518.0000	98.15030
519.0000	98.11140
520.0000	98.00640
521.0000	97.73030
522.0000	98.01200
523.0000	98.35300
524.0000	98.28650
525.0000	98.12930
526.0000	98.07120
527.0000	98.15970
528.0000	98.22730
529.0000	97.84070
530.0000	97.42930
531.0000	97.41530
532.0000	97.61960
533.0000	97.82950
534.0000	97.88600
535.0000	97.84710
536.0000	97.71910
537.0000	97.71950
538.0000	97.72080
539.0000	97.39110
540.0000	96.42460
541.0000	95.23580
542.0000	95.18030
543.0000	96.14430
544.0000	96.66270
545.0000	96.43400
546.0000	96.06610
547.0000	94.98240
548.0000	70.58850
549.0000	13.20870
550.0000	0.53837
551.0000	0.03133
552.0000	0.00271
553.0000	0.00036
554.0000	0.00010
555.0000	0.00006
556.0000	0.00004
557.0000	0.00004
558.0000	0.00004
559.0000	0.00004
560.0000	0.00006
561.0000	0.00005
562.0000	0.00004
563.0000	0.00003
564.0000	0.00003
565.0000	0.00004
566.0000	0.00003
567.0000	0.00003
568.0000	0.00004
569.0000	0.00003
570.0000	0.00004
571.0000	0.00011
572.0000	0.00012
573.0000	0.00005
574.0000	0.00009
575.0000	0.00046
576.0000	0.00099
577.0000	0.00028
578.0000	0.00005
579.0000	0.00004
580.0000	0.00004
581.0000	0.00001
582.0000	0.00003
583.0000	0.00004
584.0000	0.00004
585.0000	0.00005
586.0000	0.00003
587.0000	0.00002
588.0000	0.00005
589.0000	0.00004
590.0000	0.00003
591.0000	0.00002
592.0000	0.00003
593.0000	0.00004
594.0000	0.00004
595.0000	0.00008
596.0000	0.00004
597.0000	0.00002
598.0000	0.00002
599.0000	0.00003
600.0000	0.00008
601.0000	0.00023
602.0000	0.00009
603.0000	0.00003
604.0000	0.00002
605.0000	0.00003
606.0000	0.00003
607.0000	0.00002
608.0000	0.00002
609.0000	0.00002
610.0000	0.00002
611.0000	0.00003
612.0000	0.00003
613.0000	0.00003
614.0000	0.00003
615.0000	0.00003
616.0000	0.00005
617.0000	0.00003
618.0000	0.00003
619.0000	0.00003
620.0000	0.00002
621.0000	0.00004
622.0000	0.00003
623.0000	0.00003
624.0000	0.00005
625.0000	0.00004
626.0000	0.00003
627.0000	0.00005
628.0000	0.00008
629.0000	0.00007
630.0000	0.00005
631.0000	0.00005
632.0000	0.00005
633.0000	0.00004
634.0000	0.00004
635.0000	0.00003
636.0000	0.00003
637.0000	0.00003
638.0000	0.00003
639.0000	0.00004
640.0000	0.00004
641.0000	0.00004
642.0000	0.00005
643.0000	0.00010
644.0000	0.00015
645.0000	0.00015
646.0000	0.00008
647.0000	0.00004
648.0000	0.00004
649.0000	0.00005
650.0000	0.00013
651.0000	0.00085
652.0000	0.00311
653.0000	0.00173
654.0000	0.00016
655.0000	0.00007
656.0000	0.00005
657.0000	0.00005
658.0000	0.00005
659.0000	0.00003
660.0000	0.00004
661.0000	0.00003
662.0000	0.00005
663.0000	0.00007
664.0000	0.00006
665.0000	0.00006
666.0000	0.00005
667.0000	0.00005
668.0000	0.00005
669.0000	0.00005
670.0000	0.00005
671.0000	0.00011
672.0000	0.00027
673.0000	0.00030
674.0000	0.00009
675.0000	0.00003
676.0000	0.00004
677.0000	0.00005
678.0000	0.00003
679.0000	0.00002
680.0000	0.00003
681.0000	0.00005
682.0000	0.00003
683.0000	0.00004
684.0000	0.00003
685.0000	0.00004
686.0000	0.00004
687.0000	0.00003
688.0000	0.00003
689.0000	0.00005
690.0000	0.00003
691.0000	0.00003
692.0000	0.00004
693.0000	0.00003
694.0000	0.00003
695.0000	0.00003
696.0000	0.00005
697.0000	0.00003
698.0000	0.00003
699.0000	0.00003
700.0000	0.00005
701.0000	0.00004
702.0000	0.00003
703.0000	0.00004
704.0000	0.00005
705.0000	0.00003
706.0000	0.00004
707.0000	0.00003
708.0000	0.00005
709.0000	0.00003
710.0000	0.00005
711.0000	0.00003
712.0000	0.00004
713.0000	0.00003
714.0000	0.00003
715.0000	0.00004
716.0000	0.00005
717.0000	0.00004
718.0000	0.00003
719.0000	0.00011
720.0000	0.00007
721.0000	0.00003
722.0000	0.00003
723.0000	0.00004
724.0000	0.00004
725.0000	0.00009
726.0000	0.00003
727.0000	0.00004
728.0000	0.00003
729.0000	0.00002
730.0000	0.00005
731.0000	0.00003
732.0000	0.00004
733.0000	0.00003
734.0000	0.00004
735.0000	0.00003
736.0000	0.00002
737.0000	0.00003
738.0000	0.00003
739.0000	0.00004
740.0000	0.00005
741.0000	0.00004
742.0000	0.00004
743.0000	0.00006
744.0000	0.00004
745.0000	0.00007
746.0000	0.00005
747.0000	0.00009
748.0000	0.00007
749.0000	0.00006
750.0000	0.00006
751.0000	0.00005
752.0000	0.00003
753.0000	0.00007
754.0000	0.00006
755.0000	0.00008
756.0000	0.00006
757.0000	0.00005
758.0000	0.00006
759.0000	0.00007
760.0000	0.00004
761.0000	0.00005
762.0000	0.00004
763.0000	0.00004
764.0000	0.00006
765.0000	0.00003
766.0000	0.00007
767.0000	0.00005
768.0000	0.00003
769.0000	0.00004
770.0000	0.00005
771.0000	0.00005
772.0000	0.00008
773.0000	0.00002
774.0000	0.00004
775.0000	0.00006
776.0000	0.00003
777.0000	0.00002
778.0000	0.00000
779.0000	0.00003
780.0000	0.00005
781.0000	0.00008
782.0000	0.00007
783.0000	0.00005
784.0000	0.00020
785.0000	0.00014
786.0000	0.00017
787.0000	0.00014
788.0000	0.00017
789.0000	0.00012
790.0000	0.00007
791.0000	0.00008
792.0000	0.00006
793.0000	0.00009
794.0000	0.00012
795.0000	0.00009
796.0000	0.00016
797.0000	0.00006
798.0000	0.00008
799.0000	0.00017
800.0000	0.00011
801.0000	0.00005
802.0000	0.00010
803.0000	0.00006
804.0000	0.00009
805.0000	0.00006
806.0000	0.00014
807.0000	0.00009
808.0000	0.00010
809.0000	0.00002
810.0000	0.00003
811.0000	0.00002
812.0000	0.00004
813.0000	0.00004
814.0000	0.00006
815.0000	0.00004
816.0000	0.00009
817.0000	0.00003
818.0000	0.00006
819.0000	0.00007
820.0000	0.00002
821.0000	0.00010
822.0000	0.00006
823.0000	0.00010
824.0000	0.00006
825.0000	0.00006
826.0000	0.00008
827.0000	0.00006
828.0000	0.00005
829.0000	0.00004
830.0000	0.00006
831.0000	0.00004
832.0000	0.00003
833.0000	0.00009
834.0000	0.00008
835.0000	0.00007
836.0000	0.00005
837.0000	0.00005
838.0000	0.00002
839.0000	-0.00002
840.0000	0.00005
841.0000	0.00004
842.0000	0.00006
843.0000	0.00004
844.0000	0.00005
845.0000	0.00003
846.0000	0.00006
847.0000	0.00002
848.0000	0.00006
849.0000	0.00004
850.0000	0.00004
851.0000	0.00005
852.0000	0.00002
853.0000	0.00003
854.0000	0.00005
855.0000	0.00004
856.0000	0.00006
857.0000	0.00005
858.0000	0.00004
859.0000	0.00003
860.0000	0.00004
861.0000	0.00006
862.0000	0.00003
863.0000	0.00007
864.0000	0.00005
865.0000	0.00005
866.0000	0.00007
867.0000	0.00005
868.0000	0.00005
869.0000	0.00009
870.0000	0.00006
871.0000	0.00008
872.0000	0.00006
873.0000	0.00008
874.0000	0.00006
875.0000	0.00007
876.0000	0.00007
877.0000	0.00006
878.0000	0.00006
879.0000	0.00009
880.0000	0.00008
881.0000	0.00008
882.0000	0.00009
883.0000	0.00009
884.0000	0.00010
885.0000	0.00011
886.0000	0.00013
887.0000	0.00011
888.0000	0.00012
889.0000	0.00013
890.0000	0.00014
891.0000	0.00016
892.0000	0.00015
893.0000	0.00014
894.0000	0.00014
895.0000	0.00014
896.0000	0.00013
897.0000	0.00013
898.0000	0.00011
899.0000	0.00014
900.0000	0.00012
901.0000	0.00010
902.0000	0.00012
903.0000	0.00013
904.0000	0.00012
905.0000	0.00010
906.0000	0.00013
907.0000	0.00012
908.0000	0.00013
909.0000	0.00012
910.0000	0.00011
911.0000	0.00012
912.0000	0.00011
913.0000	0.00010
914.0000	0.00009
915.0000	0.00010
916.0000	0.00007
917.0000	0.00006
918.0000	0.00004
919.0000	0.00005
920.0000	0.00004
921.0000	0.00002
922.0000	0.00004
923.0000	0.00005
924.0000	0.00004
925.0000	0.00004
926.0000	0.00004
927.0000	0.00004
928.0000	0.00004
929.0000	0.00004
930.0000	0.00004
931.0000	0.00002
932.0000	0.00003
933.0000	0.00005
934.0000	0.00003
935.0000	0.00004
936.0000	0.00006
937.0000	0.00005
938.0000	0.00005
939.0000	0.00004
940.0000	0.00004
941.0000	0.00005
942.0000	0.00009
943.0000	0.00007
944.0000	0.00008
945.0000	0.00012
946.0000	0.00012
947.0000	0.00012
948.0000	0.00012
949.0000	0.00011
950.0000	0.00009
951.0000	0.00010
952.0000	0.00011
953.0000	0.00010
954.0000	0.00008
955.0000	0.00011
956.0000	0.00010
957.0000	0.00010
958.0000	0.00012
959.0000	0.00012
960.0000	0.00014
961.0000	0.00014
962.0000	0.00012
963.0000	0.00012
964.0000	0.00015
965.0000	0.00014
966.0000	0.00011
967.0000	0.00012
968.0000	0.00013
969.0000	0.00014
970.0000	0.00012
971.0000	0.00013
972.0000	0.00012
973.0000	0.00014
974.0000	0.00013
975.0000	0.00013
976.0000	0.00015
977.0000	0.00016
978.0000	0.00012
979.0000	0.00013
980.0000	0.00012
981.0000	0.00014
982.0000	0.00012
983.0000	0.00013
984.0000	0.00014
985.0000	0.00013
986.0000	0.00013
987.0000	0.00013
988.0000	0.00013
989.0000	0.00013
990.0000	0.00014
991.0000	0.00013
992.0000	0.00014
993.0000	0.00013
994.0000	0.00013
995.0000	0.00011
996.0000	0.00014
997.0000	0.00013
998.0000	0.00016
999.0000	0.00016
1000.0000	0.00016
