300.00	9.9999999392253E-9
301.00	9.9999999392253E-9
302.00	3.1988901127988E-7
303.00	9.9999999392253E-9
304.00	4.7786602408451E-7
305.00	7.6936601089983E-8
306.00	9.9999999392253E-9
307.00	1.4862099817492E-7
308.00	9.9999999392253E-9
309.00	2.9644300525433E-7
310.00	9.9999999392253E-9
311.00	1.0505299741226E-8
312.00	9.9999999392253E-9
313.00	4.4426300860323E-7
314.00	9.9999999392253E-9
315.00	2.1066699673611E-7
316.00	1.1042700265307E-7
317.00	2.778530072689E-9
318.00	5.167589733901E-7
319.00	9.9999999392253E-9
320.00	8.7698202833053E-7
321.00	9.9999999392253E-9
322.00	9.9999999392253E-9
323.00	9.9999999392253E-9
324.00	8.2711899551668E-8
325.00	9.9999999392253E-9
326.00	9.9999999392253E-9
327.00	1.7364799376196E-8
328.00	8.3619802637713E-8
329.00	2.1366300018144E-7
330.00	5.6878900522861E-7
331.00	9.9999999392253E-9
332.00	9.9999999392253E-9
333.00	3.9278600638681E-7
334.00	2.514020138733E-7
335.00	7.6429500950326E-8
336.00	1.6995500118355E-7
337.00	9.9999999392253E-9
338.00	4.4223600070836E-7
339.00	1.0098000302605E-7
340.00	2.6582799250718E-7
341.00	7.6388900538404E-8
342.00	1.9418099839186E-7
343.00	7.2170600162735E-8
344.00	2.2489599871278E-7
345.00	2.9470800200215E-7
346.00	9.9999999392253E-9
347.00	2.779090095828E-7
348.00	3.9983399346966E-7
349.00	9.8407298310121E-8
350.00	1.6205700603678E-7
351.00	9.401819767163E-8
352.00	3.5952601251665E-7
353.00	7.8592897523322E-8
354.00	2.254799937873E-7
355.00	7.131610146871E-8
356.00	8.7043602547965E-8
357.00	3.7739201275144E-7
358.00	7.4533502925078E-8
359.00	9.9999999392253E-9
360.00	2.9123199851711E-7
361.00	5.6398100412025E-8
362.00	1.0110699832921E-7
363.00	4.5700598860776E-8
364.00	9.9999999392253E-9
365.00	9.8447600294094E-8
366.00	6.1824799502119E-8
367.00	3.1479399353884E-7
368.00	2.8970399057471E-7
369.00	1.4180099583427E-7
370.00	2.495530111446E-7
371.00	3.2451998777105E-7
372.00	2.3795099934887E-7
373.00	3.5043899515586E-7
374.00	2.4315400537489E-7
375.00	1.2295799933781E-7
376.00	1.7509400151994E-7
377.00	1.136760019449E-7
378.00	9.4489998048175E-8
379.00	1.6195599528146E-7
380.00	4.0078600704874E-7
381.00	4.1896100810845E-7
382.00	2.1881299971938E-7
383.00	1.6868400010139E-8
384.00	1.4965099381925E-8
385.00	7.5421597856007E-9
386.00	1.7599400337076E-7
387.00	1.8329599527078E-7
388.00	1.696279952057E-7
389.00	3.2714499553776E-8
390.00	6.6317500113655E-7
391.00	4.0439098825118E-7
392.00	2.745790084191E-7
393.00	7.2948999729761E-8
394.00	1.7471100477451E-7
395.00	2.4108800289468E-7
396.00	2.8748800673384E-7
397.00	1.3595200698546E-7
398.00	2.344460057202E-7
399.00	2.0781600085229E-7
400.00	6.429989980461E-7
401.00	3.362119969097E-7
402.00	5.7175100209861E-8
403.00	6.1651299176901E-8
404.00	4.5435001538863E-8
405.00	1.2023200213207E-7
406.00	9.2347697489004E-8
407.00	2.538170065236E-7
408.00	1.5831999462534E-6
409.00	1.4112099506747E-6
410.00	2.3259100601081E-7
411.00	2.3005499372175E-7
412.00	2.343909955016E-7
413.00	1.911260056886E-7
414.00	1.1601900240521E-7
415.00	2.3040000129981E-8
416.00	2.2235199992338E-7
417.00	1.3983100188852E-7
418.00	1.2087400591554E-7
419.00	1.0469300093519E-7
420.00	2.1633199764892E-7
421.00	1.3132900278379E-7
422.00	1.2758999901052E-7
423.00	1.2459399556519E-7
424.00	6.9396996593696E-8
425.00	8.5686799877749E-8
426.00	1.3699199996609E-7
427.00	1.2603800314537E-7
428.00	5.5595801740083E-8
429.00	5.6187499097859E-8
430.00	5.2850701592888E-8
431.00	1.2724299836009E-7
432.00	2.4034798684625E-7
433.00	1.0759300295149E-7
434.00	1.2208499811095E-7
435.00	5.6661100700239E-8
436.00	1.072969979532E-7
437.00	1.5231400141147E-7
438.00	1.0162899855004E-7
439.00	1.2323499731792E-7
440.00	1.0484699686231E-7
441.00	1.8206900165296E-7
442.00	1.9611100299244E-7
443.00	1.9483900359774E-7
444.00	7.5400897969757E-8
445.00	1.6760799326221E-7
446.00	1.3004400045702E-7
447.00	1.542770036167E-7
448.00	1.478029929558E-7
449.00	1.1875700067776E-7
450.00	1.1251700016146E-7
451.00	7.7633899309149E-8
452.00	1.6453900286706E-7
453.00	7.5242603259085E-8
454.00	7.7248799357221E-8
455.00	1.020939990326E-7
456.00	4.6540499454295E-8
457.00	1.6923199552821E-7
458.00	1.7200399327066E-7
459.00	1.675039982274E-7
460.00	1.0978600073486E-7
461.00	1.7364600068959E-7
462.00	2.2206499750155E-7
463.00	9.7894698569689E-8
464.00	1.1787599873969E-7
465.00	1.6325600427081E-7
466.00	1.1528400278848E-7
467.00	1.4327099506772E-7
468.00	1.7392500240021E-7
469.00	1.7387999662333E-7
470.00	2.0140599588103E-7
471.00	2.1541200112551E-7
472.00	1.9588699728956E-7
473.00	1.2738699695092E-7
474.00	2.0145799339844E-7
475.00	1.2078599809229E-7
476.00	1.1206100225536E-7
477.00	1.362959949347E-7
478.00	1.3860899628071E-7
479.00	1.5288199506358E-7
480.00	1.256429982277E-7
481.00	1.7347799996514E-7
482.00	1.6955800674623E-7
483.00	1.9568899745082E-7
484.00	1.3267600706968E-7
485.00	1.2025999751586E-7
486.00	1.9361300473975E-7
487.00	1.5939799880016E-7
488.00	1.0903499969572E-7
489.00	1.4044100282717E-7
490.00	1.2690999540155E-7
491.00	9.6848097541624E-8
492.00	1.6974800587377E-7
493.00	1.6015499681998E-7
494.00	1.0556099994119E-7
495.00	9.3610999840621E-8
496.00	1.5469800018764E-7
497.00	1.9462099487555E-7
498.00	1.8331300566388E-7
499.00	1.4872199471938E-7
500.00	1.7065499946511E-7
501.00	1.4594000674606E-7
502.00	1.4519399371693E-7
503.00	1.4494399636078E-7
504.00	1.0483199730515E-7
505.00	1.4070100462504E-7
506.00	1.2191100040582E-7
507.00	1.6381899570206E-7
508.00	1.6012400294585E-7
509.00	1.3090800621285E-7
510.00	1.0671099914816E-7
511.00	1.7840599753072E-7
512.00	1.4897200628639E-7
513.00	1.918210017493E-7
514.00	1.9493600689202E-7
515.00	1.4357999589265E-7
516.00	1.5503999861721E-7
517.00	1.2573499930113E-7
518.00	1.1829899904114E-7
519.00	1.1614800143889E-7
520.00	1.6718999518162E-7
521.00	1.702629930378E-7
522.00	1.1548799960792E-7
523.00	1.4091000366534E-7
524.00	1.2499299373303E-7
525.00	1.7255300122088E-7
526.00	1.819380059942E-7
527.00	1.4512799850763E-7
528.00	1.3176999402731E-7
529.00	1.2370900037695E-7
530.00	1.4486100496924E-7
531.00	1.8403299861802E-7
532.00	1.6821300619085E-7
533.00	1.9893100500212E-7
534.00	1.5874100256497E-7
535.00	1.5907599504317E-7
536.00	1.3494499739863E-7
537.00	1.4149399873986E-7
538.00	1.3054200564966E-7
539.00	2.1349100620682E-7
540.00	2.0988099436181E-7
541.00	1.7590200229733E-7
542.00	2.0979000225907E-7
543.00	1.7462400592194E-7
544.00	2.0891400254186E-7
545.00	1.2644800051476E-7
546.00	1.1970800528616E-7
547.00	1.8601400597618E-7
548.00	1.9761699832088E-7
549.00	1.9974899601038E-7
550.00	1.3859499858881E-7
551.00	1.9947700025114E-7
552.00	1.5224199501063E-7
553.00	1.7620699566123E-7
554.00	1.6038100625337E-7
555.00	1.6078199394087E-7
556.00	2.0279600221329E-7
557.00	2.0303099290686E-7
558.00	2.2919499542695E-7
559.00	3.0949701113059E-7
560.00	6.6278397525821E-7
561.00	2.0246300209692E-6
562.00	8.1634098023642E-6
563.00	4.3510601244634E-5
564.00	0.00032557800295763
565.00	0.0036448899190873
566.00	0.074626803398132
567.00	0.58981502056122
568.00	0.93244397640228
569.00	0.95813000202179
570.00	0.9734719991684
571.00	0.97860598564148
572.00	0.96920400857925
573.00	0.95314902067184
574.00	0.95744800567627
575.00	0.97219300270081
576.00	0.96944499015808
577.00	0.9505820274353
578.00	0.93673497438431
579.00	0.94366002082825
580.00	0.96496397256851
581.00	0.9831600189209
582.00	0.98586297035217
583.00	0.97958499193192
584.00	0.97320002317429
585.00	0.97462701797485
586.00	0.98460698127747
587.00	0.98824399709702
588.00	0.98932301998138
589.00	0.98248600959778
590.00	0.98244202136993
591.00	0.98472398519516
592.00	0.98697298765182
593.00	0.98470902442932
594.00	0.97445601224899
595.00	0.96641802787781
596.00	0.97136801481247
597.00	0.98075199127197
598.00	0.98642998933792
599.00	0.98255598545074
600.00	0.97652000188828
601.00	0.96773499250412
602.00	0.93566197156906
603.00	0.8974090218544
604.00	0.90010201931
605.00	0.93515300750732
606.00	0.93500798940659
607.00	0.31174001097679
608.00	0.025666600093246
609.00	0.0079636201262474
610.00	0.0009706859709695
611.00	0.00017135200323537
612.00	3.939200178138E-5
613.00	1.057729969034E-5
614.00	3.5102000310872E-6
615.00	1.3491199979399E-6
616.00	6.1219202507345E-7
617.00	3.3958099265874E-7
618.00	2.856380092453E-7
619.00	2.8865400736322E-7
620.00	3.0938699069338E-7
621.00	2.1643600689458E-7
622.00	2.0143299650499E-7
623.00	1.7085500303438E-7
624.00	2.0587299331964E-7
625.00	2.4632998929519E-7
626.00	1.6800800040073E-7
627.00	1.9671300321988E-7
628.00	1.8830100145806E-7
629.00	2.1108199632636E-7
630.00	2.2180400094385E-7
631.00	2.1396100180482E-7
632.00	1.8037299298612E-7
633.00	2.5497300271127E-7
634.00	1.6175499695237E-7
635.00	1.0238200331969E-7
636.00	2.3947100658006E-7
637.00	1.808219991517E-7
638.00	2.1182799514463E-7
639.00	2.1414899720185E-7
640.00	1.9192100353393E-7
641.00	2.1823700535606E-7
642.00	2.0729099503569E-7
643.00	1.6663000224071E-7
644.00	7.5722297765424E-8
645.00	2.0039900050506E-7
646.00	2.2633099661107E-7
647.00	2.1199899435942E-7
648.00	1.9283099561562E-7
649.00	2.1401800154308E-7
650.00	2.1930999594133E-7
651.00	2.0847099335697E-7
652.00	2.5956398985727E-7
653.00	2.1790700088786E-7
654.00	2.542539903061E-7
655.00	2.7726699158848E-7
656.00	2.1123800308942E-7
657.00	2.4706099566174E-7
658.00	2.2772699992402E-7
659.00	1.8976200522047E-7
660.00	2.614829952563E-7
661.00	2.1407099382031E-7
662.00	2.0949499912604E-7
663.00	2.3062300158472E-7
664.00	2.0796099420295E-7
665.00	2.1188900234392E-7
666.00	2.5465499220445E-7
667.00	1.9376500404178E-7
668.00	2.6035300493277E-7
669.00	2.5578501094969E-7
670.00	3.1629900831831E-7
671.00	2.4575300017204E-7
672.00	2.4372698703701E-7
673.00	1.8143400382087E-7
674.00	2.1756800094863E-7
675.00	2.3592299669417E-7
676.00	3.2136298955265E-7
677.00	2.3309300445362E-7
678.00	2.2466299753887E-7
679.00	1.7237799454506E-7
680.00	2.3322999709308E-7
681.00	3.0232300218813E-7
682.00	2.325359957922E-7
683.00	2.5975700168601E-7
684.00	2.3342599320131E-7
685.00	3.7297701283023E-7
686.00	2.3945798943714E-7
687.00	2.2156099532822E-7
688.00	2.3552699701668E-7
689.00	2.4540199206058E-7
690.00	3.7043699308015E-7
691.00	2.4371900053666E-7
692.00	2.0578400494742E-7
693.00	2.3344999533492E-7
694.00	3.2132498972715E-7
695.00	2.0503600239863E-7
696.00	2.1618299683723E-7
697.00	2.337919937645E-7
698.00	3.4368798651485E-7
699.00	2.4047400870586E-7
700.00	2.8907399496347E-7
701.00	2.5973599804274E-7
702.00	2.9697798709094E-7
703.00	2.3939401216921E-7
704.00	2.8342500968392E-7
705.00	3.5624398719847E-7
706.00	7.0943900709608E-7
707.00	1.6566300473642E-5
708.00	3.8113201298984E-5
709.00	4.7320800149464E-6
710.00	4.1451598917774E-6
711.00	1.8923399693449E-5
712.00	4.9376201786799E-5
713.00	9.5931600299082E-6
714.00	2.585379888842E-6
715.00	1.5418399925693E-6
716.00	1.0364700528953E-6
717.00	9.3087999175623E-7
718.00	8.734219818507E-7
719.00	1.0317900205337E-6
720.00	1.288709995606E-6
721.00	1.225209985023E-6
722.00	2.2767699192627E-6
723.00	6.1451601141016E-6
724.00	2.4420500267297E-5
725.00	2.0955500076525E-5
726.00	7.0976198003336E-6
727.00	3.7332499687182E-6
728.00	2.8135300453869E-6
729.00	2.1498099158634E-6
730.00	2.3700299607299E-6
731.00	1.9490400973154E-6
732.00	1.9574999896577E-6
733.00	2.5694200758153E-6
734.00	3.0496100862365E-6
735.00	3.7961699490552E-6
736.00	4.230590093357E-6
737.00	5.5218602028617E-6
738.00	5.8973600971512E-6
739.00	6.1568898672704E-6
740.00	5.4693600759492E-6
741.00	5.537240213016E-6
742.00	4.6908498916309E-6
743.00	4.801060185855E-6
744.00	4.8027000048023E-6
745.00	4.8016499931691E-6
746.00	4.8907299969869E-6
747.00	5.8430400713405E-6
748.00	5.3853100325796E-6
749.00	5.1473298299243E-6
750.00	4.1770199459279E-6
751.00	4.0162299228541E-6
752.00	3.6418000490812E-6
753.00	3.3595799777686E-6
754.00	2.7837800189445E-6
755.00	2.3287200292543E-6
756.00	3.0928899832361E-6
757.00	2.8947199552931E-6
758.00	2.8026099698764E-6
759.00	3.6685000850412E-6
760.00	3.5842599572788E-6
761.00	4.5162000787968E-6
762.00	5.7623201428214E-6
763.00	7.1380400186172E-6
764.00	1.0421999832033E-5
765.00	1.0476799616299E-5
766.00	1.4436999663303E-5
767.00	1.4371399629454E-5
768.00	1.5089300177351E-5
769.00	1.4335500054585E-5
770.00	1.4465499589278E-5
771.00	1.3816699720337E-5
772.00	1.3627800399263E-5
773.00	1.3003200365347E-5
774.00	1.3779100299871E-5
775.00	1.4413900316868E-5
776.00	1.4037400433153E-5
777.00	1.4402299711946E-5
778.00	1.3455700354825E-5
779.00	1.3569600014307E-5
780.00	1.3044399565842E-5
781.00	1.3406600373855E-5
782.00	1.2364799658826E-5
783.00	1.2266000339878E-5
784.00	1.3580600352725E-5
785.00	1.3505399692804E-5
786.00	1.2905199582747E-5
787.00	1.4571800420526E-5
788.00	1.2188000255264E-5
789.00	1.2962400433025E-5
790.00	1.4978500075813E-5
791.00	1.4249099876906E-5
792.00	1.5376499504782E-5
793.00	1.5864699889789E-5
794.00	1.6247000530711E-5
795.00	1.7389100321452E-5
796.00	1.6960899301921E-5
797.00	1.7237100109924E-5
798.00	1.9905599401682E-5
799.00	1.9654900825117E-5
800.00	2.1550300516537E-5
801.00	2.0449799194466E-5
802.00	2.228380071756E-5
803.00	2.4765100533841E-5
804.00	2.454330024193E-5
805.00	2.5635599740781E-5
806.00	2.9678700229852E-5
807.00	3.3184300264111E-5
808.00	3.0798000807408E-5
809.00	2.9858800189686E-5
810.00	3.1523100915365E-5
811.00	3.4505199437262E-5
812.00	3.5183398722438E-5
813.00	3.5584100260166E-5
814.00	3.4772299841279E-5
815.00	3.6749999708263E-5
816.00	4.088820060133E-5
817.00	4.0613198507344E-5
818.00	4.0790400817059E-5
819.00	4.1754999983823E-5
820.00	4.6621600631624E-5
821.00	4.556709973258E-5
822.00	4.5454598875949E-5
823.00	4.5879500248702E-5
824.00	4.896549944533E-5
825.00	4.8187001084443E-5
826.00	4.6319699322339E-5
827.00	4.6424698666669E-5
828.00	4.719299977296E-5
829.00	4.4729600631399E-5
830.00	4.2153398680966E-5
831.00	4.4491498556454E-5
832.00	4.3476200517034E-5
833.00	4.589140007738E-5
834.00	4.85017990286E-5
835.00	4.6810200728942E-5
836.00	4.6075700083748E-5
837.00	5.1502600399544E-5
838.00	5.1492301281542E-5
839.00	5.7106000895146E-5
840.00	5.8909401559504E-5
841.00	6.4055697293952E-5
842.00	7.0750997110736E-5
843.00	7.3462397267576E-5
844.00	7.870949775679E-5
845.00	8.6579500930384E-5
846.00	9.5390401838813E-5
847.00	0.00010399500024505
848.00	0.0001121620007325
849.00	0.00012299300578889
850.00	0.00013631000183523
851.00	0.00014212699898053
852.00	0.00015726700075902
853.00	0.00017116499657277
854.00	0.00018442100554239
855.00	0.00020124499860685
856.00	0.00021372499759309
857.00	0.00022890600666869
858.00	0.00024723599199206
859.00	0.00026758899912238
860.00	0.00028812600066885
861.00	0.00030993000837043
862.00	0.00033920898567885
863.00	0.00037240199162625
864.00	0.00040876801358536
865.00	0.00044708099449053
866.00	0.00050246500177309
867.00	0.00056134699843824
868.00	0.00064015202224255
869.00	0.00073372601764277
870.00	0.00083955901209265
871.00	0.00098856701515615
872.00	0.0011682099429891
873.00	0.0014026700519025
874.00	0.0016905999509618
875.00	0.0020790400449187
876.00	0.0025710500776768
877.00	0.0032089299056679
878.00	0.0040458398871124
879.00	0.0051355301402509
880.00	0.0066239801235497
881.00	0.0086550302803516
882.00	0.011372899636626
883.00	0.015224300324917
884.00	0.021081799641252
885.00	0.029745200648904
886.00	0.044129200279713
887.00	0.068897396326065
888.00	0.11369799822569
889.00	0.19104899466038
890.00	0.28971898555756
891.00	0.33611199259758
892.00	0.28550899028778
893.00	0.20730200409889
894.00	0.14964200556278
895.00	0.11441700160503
896.00	0.091129399836063
897.00	0.076821401715279
898.00	0.067762799561024
899.00	0.061126299202442
900.00	0.057184800505638
901.00	0.054779399186373
902.00	0.053340099751949
903.00	0.053286198526621
904.00	0.053662799298763
905.00	0.054961800575256
906.00	0.056874398142099
907.00	0.058869101107121
908.00	0.061776500195265
909.00	0.064802899956703
910.00	0.068335898220539
911.00	0.071497701108456
912.00	0.074363999068737
913.00	0.07817430049181
914.00	0.081197001039982
915.00	0.08486569672823
916.00	0.088769599795341
917.00	0.092328496277332
918.00	0.095992401242256
919.00	0.10072200000286
920.00	0.10631500184536
921.00	0.11221700161695
922.00	0.11969000101089
923.00	0.12790800631046
924.00	0.13908499479294
925.00	0.15187600255013
926.00	0.16739800572395
927.00	0.18534700572491
928.00	0.20826500654221
929.00	0.23522800207138
930.00	0.26490399241447
931.00	0.3033330142498
932.00	0.3478470146656
933.00	0.39831098914146
934.00	0.45696398615837
935.00	0.52093297243118
936.00	0.58933401107788
937.00	0.65296298265457
938.00	0.73281598091125
939.00	0.81345802545547
940.00	0.8799250125885
941.00	0.93204301595688
942.00	0.96246999502182
943.00	0.96817201375961
944.00	0.93002897500992
945.00	0.87942498922348
946.00	0.80709499120712
947.00	0.70758998394012
948.00	0.6102619767189
949.00	0.51641297340393
950.00	0.44263300299644
951.00	0.37979900836945
952.00	0.32325100898743
953.00	0.27605301141739
954.00	0.23761400580406
955.00	0.20507800579071
956.00	0.18041299283504
957.00	0.16073100268841
958.00	0.14348800480366
959.00	0.12866899371147
960.00	0.11711499840021
961.00	0.10724300146103
962.00	0.098623096942902
963.00	0.091893598437309
964.00	0.086055800318718
965.00	0.080454796552658
966.00	0.075819797813892
967.00	0.072584003210068
968.00	0.06889969855547
969.00	0.06585019826889
970.00	0.063799403607845
971.00	0.060831498354673
972.00	0.059326101094484
973.00	0.05765800178051
974.00	0.056361198425293
975.00	0.055240500718355
976.00	0.053962200880051
977.00	0.053082000464201
978.00	0.052169699221849
979.00	0.052249498665333
980.00	0.051351398229599
981.00	0.051808498799801
982.00	0.051974099129438
983.00	0.053384099155664
984.00	0.054320998489857
985.00	0.056614499539137
986.00	0.058338701725006
987.00	0.061658799648285
988.00	0.064155302941799
989.00	0.069416597485542
990.00	0.0746243968606
991.00	0.08128560334444
992.00	0.090101502835751
993.00	0.099503897130489
994.00	0.11430399864912
995.00	0.12775999307632
996.00	0.14805200695992
997.00	0.1750620007515
998.00	0.20897400379181
999.00	0.24777600169182
1000.00	0.29054799675941
