300.0000	0.00000
301.0000	0.00000
302.0000	0.00008
303.0000	0.00014
304.0000	0.00015
305.0000	0.00009
306.0000	0.00005
307.0000	0.00000
308.0000	0.00000
309.0000	0.00003
310.0000	0.00011
311.0000	0.00003
312.0000	0.00000
313.0000	0.00013
314.0000	0.00001
315.0000	0.00003
316.0000	0.00000
317.0000	0.00008
318.0000	0.00000
319.0000	0.00002
320.0000	0.00004
321.0000	0.00008
322.0000	0.00004
323.0000	0.00001
324.0000	0.00000
325.0000	0.00003
326.0000	0.00004
327.0000	0.00005
328.0000	0.00002
329.0000	0.00001
330.0000	0.00000
331.0000	0.00005
332.0000	0.00005
333.0000	0.00005
334.0000	0.00000
335.0000	0.00001
336.0000	0.00001
337.0000	0.00008
338.0000	0.00004
339.0000	0.00000
340.0000	0.00002
341.0000	0.00007
342.0000	0.00002
343.0000	0.00000
344.0000	0.00002
345.0000	0.00000
346.0000	0.00006
347.0000	0.00001
348.0000	0.00005
349.0000	0.00004
350.0000	0.00002
351.0000	0.00002
352.0000	0.00003
353.0000	0.00003
354.0000	0.00000
355.0000	0.00002
356.0000	0.00000
357.0000	0.00002
358.0000	0.00002
359.0000	0.00003
360.0000	0.00002
361.0000	0.00000
362.0000	0.00002
363.0000	0.00003
364.0000	0.00003
365.0000	0.00002
366.0000	0.00002
367.0000	0.00001
368.0000	0.00001
369.0000	0.00002
370.0000	0.00003
371.0000	0.00000
372.0000	0.00002
373.0000	0.00002
374.0000	0.00003
375.0000	0.00004
376.0000	0.00001
377.0000	0.00000
378.0000	0.00003
379.0000	0.00003
380.0000	0.00003
381.0000	0.00002
382.0000	0.00003
383.0000	0.00003
384.0000	0.00001
385.0000	0.00001
386.0000	0.00000
387.0000	0.00003
388.0000	0.00004
389.0000	0.00003
390.0000	0.00003
391.0000	0.00002
392.0000	0.00002
393.0000	0.00002
394.0000	0.00002
395.0000	0.00003
396.0000	0.00004
397.0000	0.00003
398.0000	0.00005
399.0000	0.00004
400.0000	0.00005
401.0000	0.00004
402.0000	0.00005
403.0000	0.00003
404.0000	0.00001
405.0000	0.00002
406.0000	0.00002
407.0000	0.00003
408.0000	0.00004
409.0000	0.00003
410.0000	0.00007
411.0000	0.00007
412.0000	0.00006
413.0000	0.00004
414.0000	0.00005
415.0000	0.00005
416.0000	0.00003
417.0000	0.00004
418.0000	0.00005
419.0000	0.00006
420.0000	0.00006
421.0000	0.00006
422.0000	0.00006
423.0000	0.00005
424.0000	0.00005
425.0000	0.00003
426.0000	0.00005
427.0000	0.00005
428.0000	0.00003
429.0000	0.00005
430.0000	0.00007
431.0000	0.00008
432.0000	0.00012
433.0000	0.00010
434.0000	0.00008
435.0000	0.00008
436.0000	0.00007
437.0000	0.00006
438.0000	0.00005
439.0000	0.00005
440.0000	0.00005
441.0000	0.00007
442.0000	0.00009
443.0000	0.00009
444.0000	0.00010
445.0000	0.00008
446.0000	0.00007
447.0000	0.00005
448.0000	0.00004
449.0000	0.00004
450.0000	0.00003
451.0000	0.00003
452.0000	0.00004
453.0000	0.00003
454.0000	0.00004
455.0000	0.00004
456.0000	0.00004
457.0000	0.00002
458.0000	0.00002
459.0000	0.00001
460.0000	0.00002
461.0000	0.00001
462.0000	0.00001
463.0000	0.00001
464.0000	0.00001
465.0000	0.00000
466.0000	0.00001
467.0000	0.00001
468.0000	0.00000
469.0000	0.00001
470.0000	0.00001
471.0000	0.00001
472.0000	0.00001
473.0000	0.00000
474.0000	0.00000
475.0000	0.00001
476.0000	0.00001
477.0000	0.00001
478.0000	0.00001
479.0000	0.00000
480.0000	0.00002
481.0000	0.00001
482.0000	0.00001
483.0000	0.00001
484.0000	0.00000
485.0000	0.00001
486.0000	0.00001
487.0000	0.00001
488.0000	0.00001
489.0000	0.00001
490.0000	0.00001
491.0000	0.00001
492.0000	0.00001
493.0000	0.00001
494.0000	0.00001
495.0000	0.00002
496.0000	0.00001
497.0000	0.00001
498.0000	0.00001
499.0000	0.00001
500.0000	0.00002
501.0000	0.00001
502.0000	0.00001
503.0000	0.00001
504.0000	0.00001
505.0000	0.00002
506.0000	0.00002
507.0000	0.00002
508.0000	0.00002
509.0000	0.00001
510.0000	0.00001
511.0000	0.00001
512.0000	0.00001
513.0000	0.00002
514.0000	0.00002
515.0000	0.00001
516.0000	0.00002
517.0000	0.00001
518.0000	0.00002
519.0000	0.00002
520.0000	0.00002
521.0000	0.00002
522.0000	0.00002
523.0000	0.00003
524.0000	0.00002
525.0000	0.00002
526.0000	0.00001
527.0000	0.00002
528.0000	0.00003
529.0000	0.00002
530.0000	0.00002
531.0000	0.00003
532.0000	0.00003
533.0000	0.00001
534.0000	0.00002
535.0000	0.00003
536.0000	0.00001
537.0000	0.00002
538.0000	0.00001
539.0000	0.00001
540.0000	0.00000
541.0000	0.00000
542.0000	0.00001
543.0000	0.00000
544.0000	0.00001
545.0000	0.00000
546.0000	0.00001
547.0000	0.00001
548.0000	0.00001
549.0000	0.00001
550.0000	0.00001
551.0000	0.00000
552.0000	0.00001
553.0000	0.00001
554.0000	0.00000
555.0000	0.00000
556.0000	0.00000
557.0000	0.00001
558.0000	0.00000
559.0000	0.00001
560.0000	0.00001
561.0000	0.00000
562.0000	0.00001
563.0000	0.00000
564.0000	0.00001
565.0000	0.00001
566.0000	0.00001
567.0000	0.00001
568.0000	0.00001
569.0000	0.00000
570.0000	0.00001
571.0000	0.00000
572.0000	0.00000
573.0000	0.00001
574.0000	0.00000
575.0000	0.00001
576.0000	0.00000
577.0000	0.00000
578.0000	0.00000
579.0000	0.00000
580.0000	0.00000
581.0000	0.00001
582.0000	0.00000
583.0000	0.00001
584.0000	0.00000
585.0000	0.00000
586.0000	0.00001
587.0000	0.00000
588.0000	0.00001
589.0000	0.00001
590.0000	0.00001
591.0000	0.00000
592.0000	0.00000
593.0000	0.00001
594.0000	0.00001
595.0000	0.00000
596.0000	0.00001
597.0000	0.00001
598.0000	0.00001
599.0000	0.00000
600.0000	0.00001
601.0000	0.00001
602.0000	0.00000
603.0000	0.00001
604.0000	0.00001
605.0000	0.00000
606.0000	0.00001
607.0000	0.00000
608.0000	0.00000
609.0000	0.00001
610.0000	0.00000
611.0000	0.00001
612.0000	0.00001
613.0000	0.00001
614.0000	0.00001
615.0000	0.00001
616.0000	0.00001
617.0000	0.00001
618.0000	0.00001
619.0000	0.00000
620.0000	0.00000
621.0000	0.00001
622.0000	0.00001
623.0000	0.00000
624.0000	0.00001
625.0000	0.00000
626.0000	0.00001
627.0000	0.00000
628.0000	0.00000
629.0000	0.00001
630.0000	0.00000
631.0000	0.00001
632.0000	0.00001
633.0000	0.00000
634.0000	0.00000
635.0000	0.00001
636.0000	0.00001
637.0000	0.00001
638.0000	0.00001
639.0000	0.00001
640.0000	0.00001
641.0000	0.00000
642.0000	0.00001
643.0000	0.00002
644.0000	0.00001
645.0000	0.00000
646.0000	0.00001
647.0000	0.00001
648.0000	0.00001
649.0000	0.00000
650.0000	0.00001
651.0000	0.00000
652.0000	0.00001
653.0000	0.00000
654.0000	0.00001
655.0000	0.00001
656.0000	0.00000
657.0000	0.00000
658.0000	0.00000
659.0000	0.00000
660.0000	0.00001
661.0000	0.00001
662.0000	0.00000
663.0000	0.00000
664.0000	0.00000
665.0000	0.00001
666.0000	0.00000
667.0000	0.00000
668.0000	0.00001
669.0000	0.00002
670.0000	0.00000
671.0000	0.00001
672.0000	0.00000
673.0000	0.00001
674.0000	0.00000
675.0000	0.00002
676.0000	0.00001
677.0000	0.00001
678.0000	0.00001
679.0000	0.00000
680.0000	0.00001
681.0000	0.00001
682.0000	0.00001
683.0000	0.00001
684.0000	0.00001
685.0000	0.00001
686.0000	0.00001
687.0000	0.00002
688.0000	0.00002
689.0000	0.00001
690.0000	0.00001
691.0000	0.00001
692.0000	0.00001
693.0000	0.00002
694.0000	0.00001
695.0000	0.00002
696.0000	0.00002
697.0000	0.00003
698.0000	0.00003
699.0000	0.00007
700.0000	0.00010
701.0000	0.00030
702.0000	0.00086
703.0000	0.00295
704.0000	0.00994
705.0000	0.04063
706.0000	0.18995
707.0000	1.12499
708.0000	8.68147
709.0000	48.46270
710.0000	93.19520
711.0000	97.66050
712.0000	98.05810
713.0000	97.74040
714.0000	97.39210
715.0000	97.06310
716.0000	97.66120
717.0000	98.03930
718.0000	97.61450
719.0000	98.32750
720.0000	97.23290
721.0000	97.64150
722.0000	98.13880
723.0000	97.69550
724.0000	97.48300
725.0000	97.85180
726.0000	97.69630
727.0000	98.26340
728.0000	98.06530
729.0000	98.39870
730.0000	98.24110
731.0000	98.47280
732.0000	98.74380
733.0000	97.85090
734.0000	98.57990
735.0000	98.88880
736.0000	98.91690
737.0000	99.31520
738.0000	99.12720
739.0000	99.09940
740.0000	98.96890
741.0000	98.66730
742.0000	98.71660
743.0000	98.20820
744.0000	97.78140
745.0000	98.21390
746.0000	98.47660
747.0000	98.94780
748.0000	97.81030
749.0000	97.80010
750.0000	98.26710
751.0000	97.53810
752.0000	98.03480
753.0000	98.33330
754.0000	98.31780
755.0000	97.83960
756.0000	97.50640
757.0000	97.70660
758.0000	97.54980
759.0000	98.80960
760.0000	98.55090
761.0000	98.09600
762.0000	98.04450
763.0000	98.81710
764.0000	98.26790
765.0000	98.31470
766.0000	97.98450
767.0000	97.41310
768.0000	98.09490
769.0000	98.48820
770.0000	98.80810
771.0000	98.49960
772.0000	98.49510
773.0000	99.05000
774.0000	98.65610
775.0000	98.55830
776.0000	98.47260
777.0000	98.36000
778.0000	98.66680
779.0000	98.22470
780.0000	99.24570
781.0000	97.44540
782.0000	98.09740
783.0000	98.80800
784.0000	98.56920
785.0000	98.43720
786.0000	99.27120
787.0000	99.21940
788.0000	99.18810
789.0000	98.62430
790.0000	99.29370
791.0000	98.62200
792.0000	99.27020
793.0000	99.72110
794.0000	98.59620
795.0000	99.33600
796.0000	99.14810
797.0000	98.29090
798.0000	98.95470
799.0000	98.95070
800.0000	99.01090
801.0000	99.28660
802.0000	98.69090
803.0000	98.89020
804.0000	98.71130
805.0000	98.36430
806.0000	98.55290
807.0000	98.28030
808.0000	98.31300
809.0000	98.18700
810.0000	98.29360
811.0000	98.19310
812.0000	98.00280
813.0000	97.89030
814.0000	98.26640
815.0000	97.99650
816.0000	97.66420
817.0000	97.78610
818.0000	97.67930
819.0000	97.47820
820.0000	97.30510
821.0000	97.34810
822.0000	97.15690
823.0000	97.38520
824.0000	97.29860
825.0000	97.42390
826.0000	97.61150
827.0000	97.34550
828.0000	97.89120
829.0000	97.97130
830.0000	98.29280
831.0000	98.47740
832.0000	98.34180
833.0000	98.73870
834.0000	98.80830
835.0000	98.90910
836.0000	98.98600
837.0000	98.88480
838.0000	99.09960
839.0000	99.17250
840.0000	98.68900
841.0000	98.74610
842.0000	98.87050
843.0000	98.96130
844.0000	98.79270
845.0000	98.86880
846.0000	98.82970
847.0000	98.73600
848.0000	98.77380
849.0000	98.73360
850.0000	98.73270
851.0000	98.60260
852.0000	98.54580
853.0000	98.24290
854.0000	98.34110
855.0000	98.25830
856.0000	97.96070
857.0000	98.25490
858.0000	98.26610
859.0000	97.92990
860.0000	98.06160
861.0000	98.37500
862.0000	98.21680
863.0000	98.48340
864.0000	98.75680
865.0000	98.60430
866.0000	98.98700
867.0000	98.90710
868.0000	98.99260
869.0000	99.18930
870.0000	98.69470
871.0000	98.96350
872.0000	98.80860
873.0000	98.66810
874.0000	98.94710
875.0000	98.63990
876.0000	98.47330
877.0000	98.37670
878.0000	98.57160
879.0000	98.58340
880.0000	98.43600
881.0000	98.36400
882.0000	98.49230
883.0000	98.33670
884.0000	98.50440
885.0000	98.45040
886.0000	98.55380
887.0000	98.43350
888.0000	98.51130
889.0000	98.24780
890.0000	98.06550
891.0000	98.15730
892.0000	98.30610
893.0000	98.12560
894.0000	97.67880
895.0000	97.65820
896.0000	97.59880
897.0000	97.64120
898.0000	97.52510
899.0000	97.38430
900.0000	97.51930
901.0000	97.91620
902.0000	97.80380
903.0000	97.82470
904.0000	98.00980
905.0000	98.25060
906.0000	98.42090
907.0000	98.56290
908.0000	98.65300
909.0000	98.90320
910.0000	99.02470
911.0000	98.86660
912.0000	98.85910
913.0000	98.96610
914.0000	99.06370
915.0000	99.17680
916.0000	99.13100
917.0000	98.80650
918.0000	98.62990
919.0000	98.51160
920.0000	98.19290
921.0000	98.32590
922.0000	98.24920
923.0000	98.19520
924.0000	98.20040
925.0000	97.98150
926.0000	98.16870
927.0000	97.95140
928.0000	98.19750
929.0000	98.23840
930.0000	98.31710
931.0000	98.12740
932.0000	98.07000
933.0000	98.14190
934.0000	97.85540
935.0000	98.10180
936.0000	97.78140
937.0000	97.69500
938.0000	97.83320
939.0000	97.63830
940.0000	97.63280
941.0000	97.52580
942.0000	97.54900
943.0000	97.18090
944.0000	96.99310
945.0000	97.07810
946.0000	97.01890
947.0000	97.08650
948.0000	97.33900
949.0000	97.12140
950.0000	97.20620
951.0000	97.25940
952.0000	97.23180
953.0000	97.04540
954.0000	97.69360
955.0000	97.27210
956.0000	97.14600
957.0000	97.49720
958.0000	97.63680
959.0000	97.40970
960.0000	97.45990
961.0000	97.63670
962.0000	97.75300
963.0000	97.58850
964.0000	97.33950
965.0000	97.53200
966.0000	97.28650
967.0000	97.66470
968.0000	97.83580
969.0000	97.82400
970.0000	97.92920
971.0000	98.28480
972.0000	97.84560
973.0000	98.07610
974.0000	98.12360
975.0000	98.30760
976.0000	98.71620
977.0000	98.44590
978.0000	98.95020
979.0000	98.96250
980.0000	99.17630
981.0000	98.74520
982.0000	99.13670
983.0000	98.94840
984.0000	99.05740
985.0000	98.71460
986.0000	98.58920
987.0000	98.93510
988.0000	98.75760
989.0000	98.45260
990.0000	98.25210
991.0000	98.15530
992.0000	98.09490
993.0000	97.88110
994.0000	97.97910
995.0000	97.93400
996.0000	97.69870
997.0000	97.90930
998.0000	97.81450
999.0000	98.01570
1000.0000	97.92810
1001.0000	98.04210
1002.0000	97.93160
1003.0000	98.03670
1004.0000	98.37100
1005.0000	97.91670
1006.0000	97.97460
1007.0000	98.50840
1008.0000	98.41370
1009.0000	98.66000
1010.0000	98.52230
1011.0000	98.69300
1012.0000	98.80970
1013.0000	98.68380
1014.0000	98.52570
1015.0000	98.44060
1016.0000	98.58230
1017.0000	98.38530
1018.0000	98.25150
1019.0000	98.37420
1020.0000	98.41590
1021.0000	98.09650
1022.0000	98.11550
1023.0000	98.19750
1024.0000	98.00020
1025.0000	98.14120
1026.0000	98.11690
1027.0000	98.18340
1028.0000	98.09600
1029.0000	98.20420
1030.0000	98.32520
1031.0000	98.09020
1032.0000	98.12720
1033.0000	98.18270
1034.0000	98.18560
1035.0000	97.98900
1036.0000	98.64210
1037.0000	98.31490
1038.0000	98.61220
1039.0000	98.47590
1040.0000	98.24810
1041.0000	98.25040
1042.0000	97.95030
1043.0000	98.25490
1044.0000	98.07860
1045.0000	97.65590
1046.0000	97.75210
1047.0000	98.08740
1048.0000	97.75910
1049.0000	97.58350
1050.0000	97.63010
1051.0000	97.47570
1052.0000	97.49760
1053.0000	97.42580
1054.0000	97.23600
1055.0000	97.42000
1056.0000	97.37930
1057.0000	97.52860
1058.0000	97.57940
1059.0000	97.45110
1060.0000	97.58930
1061.0000	97.39440
1062.0000	97.86750
1063.0000	97.70020
1064.0000	97.49270
1065.0000	97.78770
1066.0000	97.62470
1067.0000	97.65130
1068.0000	97.68760
1069.0000	98.18930
1070.0000	98.17080
1071.0000	97.88950
1072.0000	97.91300
1073.0000	98.04840
1074.0000	98.06120
1075.0000	97.92150
1076.0000	97.90910
1077.0000	97.92910
1078.0000	97.92020
1079.0000	98.05810
1080.0000	98.00470
1081.0000	98.17520
1082.0000	98.16880
1083.0000	98.34280
1084.0000	98.23590
1085.0000	98.30250
1086.0000	98.28860
1087.0000	98.24310
1088.0000	98.36870
1089.0000	98.47790
1090.0000	98.82280
1091.0000	98.70000
1092.0000	98.80330
1093.0000	98.87230
1094.0000	98.86400
1095.0000	99.11030
1096.0000	98.68400
1097.0000	99.01920
1098.0000	98.88670
1099.0000	99.21770
1100.0000	99.45910
1101.0000	99.43790
1102.0000	99.37570
1103.0000	99.39060
1104.0000	99.00690
1105.0000	98.99100
1106.0000	99.16190
1107.0000	99.20750
1108.0000	98.74700
1109.0000	99.08850
1110.0000	98.63250
1111.0000	98.76180
1112.0000	98.41250
1113.0000	98.23680
1114.0000	98.25190
1115.0000	98.11140
1116.0000	98.02040
1117.0000	97.96000
1118.0000	97.87110
1119.0000	97.65700
1120.0000	97.53180
1121.0000	97.87450
1122.0000	97.86320
1123.0000	97.57240
1124.0000	97.54140
1125.0000	97.85090
1126.0000	97.60920
1127.0000	98.04790
1128.0000	97.67200
1129.0000	97.78740
1130.0000	97.87180
1131.0000	97.99200
1132.0000	98.21560
1133.0000	98.10190
1134.0000	98.37930
1135.0000	98.22080
1136.0000	97.81650
1137.0000	98.23480
1138.0000	98.11580
1139.0000	98.31570
1140.0000	98.32300
1141.0000	98.01230
1142.0000	98.21380
1143.0000	98.35050
1144.0000	98.13190
1145.0000	98.21350
1146.0000	98.41590
1147.0000	98.44110
1148.0000	98.05730
1149.0000	98.14690
1150.0000	98.25660
1151.0000	98.30650
1152.0000	98.29900
1153.0000	98.40080
1154.0000	98.49900
1155.0000	98.26670
1156.0000	98.27670
1157.0000	98.40320
1158.0000	98.29710
1159.0000	98.27030
1160.0000	98.27670
1161.0000	98.60830
1162.0000	98.31570
1163.0000	98.46250
1164.0000	98.83210
1165.0000	98.57960
1166.0000	98.66660
1167.0000	99.25700
1168.0000	98.87080
1169.0000	98.68010
1170.0000	98.86250
1171.0000	98.76420
1172.0000	98.90780
1173.0000	98.75480
1174.0000	98.54560
1175.0000	98.34600
1176.0000	98.67690
1177.0000	98.60290
1178.0000	98.52430
1179.0000	98.21540
1180.0000	98.22380
1181.0000	97.92940
1182.0000	97.97120
1183.0000	97.84030
1184.0000	97.72060
1185.0000	97.65160
1186.0000	97.25980
1187.0000	97.44890
1188.0000	97.21180
1189.0000	97.06160
1190.0000	97.04050
1191.0000	96.99820
1192.0000	96.92250
1193.0000	96.86090
1194.0000	96.51410
1195.0000	96.80000
1196.0000	97.05100
1197.0000	96.94600
1198.0000	96.70500
1199.0000	96.62110
1200.0000	96.84110
