192.92519	0
193.12997	0
193.33479	0
193.53961	0
193.74445	0
193.9493	0
194.15416	0
194.35904	0
194.56393	0
194.76883	0
194.97375	0
195.17868	0
195.38364	0
195.58859	0
195.79358	0
195.99857	0
196.20357	0
196.40858	0
196.61362	0
196.81866	0
197.02373	0
197.22881	0
197.4339	0
197.63899	0
197.84412	0
198.04926	0
198.25439	0
198.45955	0
198.66473	0
198.86992	0
199.07512	0
199.28033	0
199.48557	0
199.69081	0
199.89607	0
200.10133	0
200.30663	0
200.51193	0
200.71724	0
200.92258	0
201.12791	0
201.33327	0
201.53864	0
201.74403	0
201.94943	0
202.15485	0
202.36026	0
202.5657	0
202.77116	0
202.97664	0
203.18211	0
203.38762	0
203.59312	0
203.79864	0
204.0042	0
204.20975	0
204.41531	0
204.6209	0
204.82649	0
205.03209	0
205.23772	0
205.44336	0
205.649	0
205.85468	0
206.06035	0
206.26605	0
206.47176	0
206.67747	0
206.88321	0
207.08896	0
207.29472	0
207.5005	0
207.7063	0
207.91211	0
208.11792	0
208.32376	0
208.5296	0
208.73546	0
208.94135	0
209.14723	0
209.35313	0
209.55905	0
209.76498	0
209.97093	0
210.17688	0
210.38286	0
210.58885	0
210.79485	0
211.00087	0
211.20689	0
211.41293	0
211.61899	0
211.82506	0
212.03114	0
212.23724	0
212.44336	0
212.64949	0
212.85564	0
213.06178	0
213.26796	0
213.47414	0
213.68033	0
213.88654	0
214.09277	0
214.29901	0
214.50526	0
214.71152	0
214.9178	0
215.1241	0
215.3304	0
215.53673	0
215.74306	0
215.94942	0
216.15578	0
216.36215	0
216.56854	0
216.77495	0
216.98137	0
217.18781	0
217.39426	0
217.60071	0
217.80719	0
218.01367	0
192.92519	4.15824E-06
193.12997	-1.73276E-05
193.33479	5.96847E-06
193.53961	-9.50088E-06
193.74445	9.03346E-06
193.9493	-1.63286E-05
194.15416	1.29097E-05
194.35904	-2.02006E-05
194.56393	8.57772E-06
194.76883	-1.25035E-05
194.97375	1.79119E-05
195.17868	-2.39346E-05
195.38364	2.56003E-05
195.58859	-1.33988E-05
195.79358	1.88649E-05
195.99857	-2.13012E-05
196.20357	1.75989E-05
196.40858	-1.15944E-05
196.61362	2.01004E-05
196.81866	-1.73366E-05
197.02373	1.86897E-05
197.22881	-1.41009E-05
197.4339	2.02506E-05
197.63899	-1.17827E-05
197.84412	3.68822E-06
198.04926	-2.22468E-05
198.25439	2.24099E-05
198.45955	-9.11076E-06
198.66473	1.18038E-05
198.86992	-1.38708E-05
199.07512	1.19405E-05
199.28033	-0.000010591
199.48557	1.36946E-05
199.69081	-7.76908E-06
199.89607	5.69354E-06
200.10133	-8.15535E-06
200.30663	2.68918E-06
200.51193	-2.11048E-05
200.71724	1.69513E-05
200.92258	-6.96187E-06
201.12791	2.76846E-06
201.33327	-1.99866E-05
201.53864	7.21032E-06
201.74403	-3.25187E-06
201.94943	8.18968E-06
202.15485	-1.54961E-05
202.36026	5.50761E-06
202.5657	-5.65636E-06
202.77116	1.21036E-05
202.97664	-1.45302E-05
203.18211	0.000017762
203.38762	-1.08452E-05
203.59312	1.66099E-05
203.79864	-1.01876E-05
204.0042	2.13127E-05
204.20975	-1.07825E-05
204.41531	2.00386E-05
204.6209	-6.72535E-06
204.82649	0.000023504
205.03209	-5.14724E-06
205.23772	9.73033E-06
205.44336	-6.44784E-06
205.649	1.26752E-05
205.85468	-1.98114E-05
206.06035	1.32311E-05
206.26605	-1.49424E-05
206.47176	1.49896E-05
206.67747	-8.26141E-06
206.88321	1.02535E-05
207.08896	-8.50352E-06
207.29472	1.03784E-05
207.5005	-5.52132E-06
207.7063	1.47789E-05
207.91211	-2.65312E-05
208.11792	9.03753E-06
208.32376	-2.13252E-05
208.5296	5.1217E-07
208.73546	-1.39859E-05
208.94135	9.80308E-06
209.14723	-1.25629E-05
209.35313	1.75609E-05
209.55905	-9.1831E-06
209.76498	1.07099E-05
209.97093	-5.42199E-06
210.17688	9.95723E-06
210.38286	-0.000015763
210.58885	1.20021E-05
210.79485	-0.000022526
211.00087	1.88102E-07
211.20689	-0.000018564
211.41293	1.25712E-05
211.61899	-2.77916E-06
211.82506	1.54007E-05
212.03114	-1.63129E-05
212.23724	1.34333E-05
212.44336	-1.93157E-05
212.64949	6.22625E-06
212.85564	-1.84017E-06
213.06178	7.55166E-06
213.26796	-1.49936E-05
213.47414	1.86863E-05
213.68033	-1.81461E-05
213.88654	1.66924E-06
214.09277	-1.29142E-05
214.29901	3.35999E-06
214.50526	-5.6892E-06
214.71152	2.27984E-05
214.9178	-6.91658E-06
215.1241	6.66889E-06
215.3304	-2.18931E-05
215.53673	4.84547E-06
215.74306	-3.63558E-06
215.94942	1.08554E-05
216.15578	2.79293E-06
216.36215	-7.1234E-06
216.56854	-1.76572E-05
216.77495	9.46226E-06
216.98137	-9.3754E-06
217.18781	6.40582E-06
217.39426	-2.27549E-05
217.60071	2.06928E-05
217.80719	-2.13744E-05
218.01367	1.40996E-05
218.22018	-2.11514E-05
218.4267	1.25321E-05
218.63322	-2.39636E-05
218.83977	1.62569E-06
219.04633	-1.58905E-05
219.2529	1.02925E-05
219.45949	-2.91338E-05
219.66608	1.66593E-05
219.8727	-1.03894E-05
220.07933	1.89479E-05
220.28597	-8.7628E-06
220.49261	-5.37942E-06
220.6993	8.12849E-07
220.90598	1.90714E-05
221.11267	-0.000012247
221.31938	1.73769E-05
221.52611	-4.72033E-06
221.73285	1.70151E-05
221.93959	-2.22238E-05
222.14636	0.000012907
222.35313	-1.00777E-05
222.55994	1.69975E-06
222.76674	-0.000014537
222.97356	9.35842E-07
223.1804	-7.22843E-08
223.38725	9.75774E-06
223.59412	-1.22938E-05
223.80099	8.35703E-06
224.00787	-1.85389E-05
224.21478	1.41622E-05
224.42171	-0.000012003
224.62863	1.20083E-06
224.83557	2.45011E-07
225.04254	5.91001E-06
225.24951	-1.35356E-05
225.4565	1.11939E-05
225.6635	-1.40139E-05
225.87051	-3.31984E-06
226.07755	-4.39844E-06
226.28459	-1.68661E-06
226.49164	-4.37761E-06
226.69872	7.32566E-06
226.90579	-9.19386E-06
227.1129	7.24305E-06
227.32001	-1.05042E-05
227.52713	1.52785E-05
227.73427	-1.57029E-05
227.94142	8.56159E-06
228.14859	-1.46441E-05
228.35577	8.4097E-06
228.56296	-2.22796E-05
228.77017	2.14704E-05
228.97739	-8.01006E-06
229.18463	-8.76998E-08
229.39188	-1.86475E-05
229.59914	7.44203E-06
229.80641	-1.48902E-05
230.0137	8.16589E-06
230.22101	-1.78468E-05
230.42833	1.74625E-05
230.63567	-9.42496E-06
230.843	1.20486E-05
231.05037	-2.25104E-05
231.25774	1.08743E-05
231.46513	-1.60657E-05
231.67253	1.97933E-05
231.87994	-1.39609E-05
232.08737	2.41336E-05
232.29482	-8.35189E-06
232.50227	1.87221E-05
232.70973	-1.00352E-05
232.91722	3.99387E-07
233.12473	-1.46599E-05
233.33223	4.54358E-06
233.53975	-1.31283E-05
233.7473	1.81163E-05
233.95485	-8.79678E-06
234.16241	-4.05325E-06
234.37	-1.89469E-05
234.57758	1.59365E-05
234.78519	-2.15038E-05
234.99281	8.50477E-06
235.20044	-1.19454E-05
235.4081	2.36847E-05
235.61575	-1.71609E-05
235.82343	4.19211E-06
236.03111	-8.88665E-06
236.23882	1.86569E-05
236.44653	-2.98082E-06
236.65427	2.09493E-05
236.86201	-3.56958E-07
237.06976	8.04287E-06
237.27754	-1.51691E-05
237.48532	4.72323E-06
237.69312	-1.84119E-05
237.90094	1.26277E-05
238.10876	-1.60489E-05
238.3166	7.41905E-06
238.52444	-0.000020676
238.73232	8.59981E-06
238.9402	-2.03788E-05
239.14809	1.10626E-05
239.356	-6.33735E-06
239.56392	6.47455E-06
239.77185	-2.29931E-05
239.97981	1.08424E-05
240.18777	-2.07924E-05
240.39575	1.26555E-05
240.60373	-1.44083E-05
240.81174	1.02164E-05
241.01976	-1.84995E-05
241.22778	1.51298E-06
241.43584	-3.5855E-06
241.64389	2.0692E-06
241.85196	-1.79929E-05
242.06004	5.18803E-06
242.26814	-2.16105E-05
242.47626	2.76507E-06
242.68439	-2.11639E-05
242.89253	8.17779E-06
243.10068	-1.07554E-05
243.30885	-5.07574E-07
243.51703	-3.86992E-06
243.72522	1.21605E-06
243.93343	-0.000021682
244.14165	1.25698E-05
244.34988	-2.77727E-05
244.55814	1.33229E-05
244.7664	-1.86939E-05
244.97467	9.86007E-06
245.18297	-2.01579E-05
245.39127	2.73189E-07
245.59959	-9.72149E-06
245.80792	2.15052E-05
246.01627	-2.93105E-05
246.22462	1.20932E-05
246.433	-1.90002E-05
246.64137	1.06565E-05
246.84978	-1.19589E-06
247.05818	1.41727E-05
247.26662	-1.87693E-05
247.47505	8.26988E-06
247.6835	-0.000010868
247.89197	2.25062E-05
248.10045	-6.45794E-06
248.30894	8.17012E-06
248.51746	-1.15392E-05
248.72598	2.36249E-05
248.93451	-6.24173E-06
249.14305	1.29612E-07
249.35162	-7.52226E-06
249.5602	-2.5788E-06
249.76878	-1.15923E-05
249.97739	-5.69998E-06
250.186	-9.49562E-06
250.39464	-7.57139E-07
250.60327	-1.73179E-05
250.81194	1.11693E-05
251.0206	-1.36225E-05
251.22929	5.3619E-06
251.43799	-1.49706E-05
251.6467	1.64779E-05
251.85542	-4.65308E-06
252.06416	1.82397E-05
252.2729	-1.08788E-05
252.48167	1.55964E-05
252.69044	-0.000025894
252.89925	7.43511E-06
253.10805	-0.000005428
253.31686	1.59699E-05
253.5257	-1.30391E-05
253.73454	5.43622E-06
253.94341	-6.14478E-06
254.15228	5.05457E-06
254.36118	-1.83987E-06
254.57007	3.45309E-07
254.77898	-0.000013044
254.98791	0.000014623
255.19685	-2.53466E-05
255.40581	6.89862E-06
255.61478	-1.65971E-05
255.82376	1.54492E-05
256.03275	-0.00001605
256.24176	1.84534E-05
256.45078	-1.93011E-05
256.65982	9.35845E-06
256.86887	-1.02916E-05
257.07794	6.12431E-06
257.28702	-1.10871E-05
257.49609	-1.36623E-07
257.7052	-1.37452E-05
257.91431	1.28713E-05
258.12344	-0.000022944
258.33258	8.79447E-06
258.54175	-1.20459E-05
258.75092	7.27464E-06
258.96008	-1.92707E-05
259.16928	6.72106E-06
259.37851	-1.30909E-05
259.58774	1.43391E-05
259.79697	-1.60759E-05
260.00623	7.00198E-06
260.21548	-1.36593E-05
260.42477	1.28307E-05
260.63406	-0.000015613
260.84335	1.07979E-05
261.05267	-2.35307E-05
261.26199	5.50662E-06
261.47134	-1.47403E-05
261.68073	1.63705E-05
261.89008	-7.35231E-06
262.09946	1.74643E-05
262.30887	-2.27817E-06
262.51828	9.24841E-06
262.72769	-0.000026851
262.93713	2.67595E-06
263.14661	-8.38741E-06
263.35608	1.10502E-07
263.56555	-2.58213E-05
263.77502	9.76015E-06
263.98456	-7.05417E-06
264.19406	2.92877E-06
264.4036	-1.53677E-05
264.61316	1.59172E-05
264.82269	-0.00002204
265.03229	3.60012E-06
265.24185	-2.53684E-05
265.45148	7.82472E-06
265.66107	-1.74327E-05
265.8707	6.67641E-07
266.08035	-1.24073E-05
266.29001	1.20576E-05
266.49966	-2.03558E-05
266.70935	9.33873E-06
266.91904	-2.06899E-05
267.12875	1.88207E-05
267.33847	-1.29962E-05
267.54822	2.52255E-06
267.75797	-7.98106E-06
267.96771	3.49094E-06
268.17749	-1.86943E-05
268.38727	4.80748E-06
268.59708	-0.000012587
268.80688	6.9322E-06
269.01672	-1.78861E-05
269.22656	1.40591E-05
269.43643	-1.24348E-05
269.6463	7.31802E-06
269.85617	-1.98397E-05
270.06607	6.82043E-06
270.27597	4.49838E-07
270.4859	2.08967E-05
270.69583	-1.67692E-05
270.90579	1.09729E-05
271.11575	-1.94135E-05
271.32571	1.87449E-06
271.53571	-2.23105E-05
271.7457	1.60258E-05
271.95572	-1.20608E-05
272.16574	0.000010378
272.37579	-1.44848E-05
272.58585	1.76977E-05
272.79593	-1.44131E-05
273.00601	-4.76154E-06
273.2161	-8.34235E-06
273.42621	9.62914E-06
273.63632	-9.25379E-06
273.84647	0.000010564
274.05661	-1.18671E-05
274.26675	1.53951E-05
274.47693	-0.000019226
274.68713	1.77567E-05
274.89734	-1.35075E-05
275.10754	1.36712E-05
275.31778	-1.18261E-05
275.52802	4.16202E-06
275.73828	-2.00807E-05
275.94855	1.11254E-05
276.15881	-1.21592E-05
276.36911	1.90129E-05
276.57944	-1.32612E-05
276.78973	4.33007E-06
277.00009	-0.000013696
277.21042	2.33726E-07
277.42081	-1.54448E-05
277.63116	6.55995E-06
277.84155	-1.43278E-05
278.05197	8.12633E-06
278.26236	-1.62861E-05
278.47281	2.46951E-06
278.68323	-2.53257E-06
278.89371	3.13409E-06
279.10416	-1.84395E-05
279.31464	7.0391E-06
279.52515	-1.63588E-05
279.73566	6.27284E-06
279.94617	5.24934E-06
280.15671	1.71349E-05
280.36725	-1.29314E-05
280.57782	1.26472E-05
280.78839	-1.98674E-05
280.99896	1.05237E-05
281.20956	-1.58642E-05
281.4202	-1.95718E-06
281.6308	-1.10065E-05
281.84146	1.47985E-06
282.05209	-1.44826E-05
282.26276	2.03753E-06
282.47345	-3.03649E-05
282.68414	3.93388E-06
282.89484	-2.25244E-05
283.10556	0.000010542
283.31631	-1.49416E-05
283.52704	7.91758E-06
283.73779	-1.78539E-05
283.94858	1.33648E-05
284.15936	-1.36032E-06
284.37015	8.19033E-06
284.58096	-4.87846E-06
284.79181	6.96979E-06
285.00262	-3.16241E-06
285.2135	1.06224E-05
285.42435	-2.26917E-05
285.63522	2.36501E-05
285.84613	-2.11031E-05
286.05704	9.51506E-06
286.26794	-0.000014375
286.47888	-1.23383E-06
286.68982	-1.47664E-05
286.90079	8.93066E-06
287.11176	-1.12476E-05
287.32272	1.70077E-05
287.53372	-6.42011E-06
287.74475	7.09576E-06
287.95575	-0.000021153
288.16681	4.96139E-06
288.37784	-2.36442E-05
288.5889	1.63057E-05
288.79999	-1.28365E-05
289.01108	1.16331E-05
289.22217	-1.07183E-05
289.43329	1.51041E-05
289.64441	-5.5471E-06
289.85556	1.00872E-05
290.06671	-1.44831E-05
290.27789	2.50416E-06
290.48907	-7.86827E-06
290.70026	1.40348E-05
290.91147	-1.73035E-05
291.12268	1.64158E-05
291.33392	-1.39229E-05
291.54517	5.13536E-06
291.75644	-4.82965E-06
291.96771	1.23807E-05
292.17899	-1.92442E-06
292.39029	2.73772E-06
292.60159	-1.32498E-05
292.81293	6.6708E-06
293.02426	-3.32649E-06
293.23563	9.87468E-06
293.44699	-8.74734E-06
293.65836	5.37627E-06
293.86975	-5.3875E-06
294.08118	2.41188E-06
294.29257	-1.95269E-05
294.50403	0.000016453
294.71545	-6.85111E-06
294.92691	7.50022E-06
295.1384	-9.5838E-06
295.34988	6.64203E-06
295.56137	-1.29714E-05
295.77289	1.31184E-05
295.98441	-9.77646E-06
296.19592	1.30998E-05
296.40747	-7.9823E-06
296.61905	1.08405E-05
296.83063	-1.53464E-05
297.04221	1.69855E-05
297.25381	-1.55499E-05
297.46542	-6.94114E-06
297.67706	-1.22173E-05
297.8887	1.74773E-05
298.10034	-6.02976E-06
298.31201	1.60916E-05
298.52368	-1.39633E-05
298.73538	1.17164E-05
298.94708	-0.000014039
299.15881	-3.70665E-06
299.37054	-2.86968E-05
299.58228	1.41402E-05
299.79404	-0.000022588
300.00583	5.8997E-06
300.21759	-0.00001123
300.42941	5.51914E-06
300.6412	-2.13562E-05
300.85303	1.47773E-05
301.06488	-6.91346E-06
301.27673	4.01228E-06
301.48859	-1.40394E-05
301.70047	1.47761E-05
301.91235	-1.32062E-05
302.12424	1.53606E-05
302.33615	-1.70903E-05
302.5481	7.46561E-06
302.76004	-2.07613E-05
302.97198	2.26188E-06
303.18396	-1.78064E-05
303.39594	1.74939E-05
303.60794	-2.87643E-06
303.81995	-6.91895E-06
304.03195	-1.00005E-05
304.24399	1.72553E-05
304.45602	-1.38657E-05
304.66809	1.73832E-05
304.88016	-5.13247E-06
305.09225	1.13154E-05
305.30435	-1.86329E-05
305.51645	1.44241E-05
305.72858	-1.28518E-05
305.9407	2.11079E-05
306.15286	-8.78064E-06
306.36502	4.9615E-06
306.57721	-1.45774E-05
306.7894	-1.69109E-06
307.00159	-1.66195E-05
307.21381	1.55438E-05
307.42603	-1.88099E-05
307.63828	6.84427E-06
307.85052	-1.89111E-05
308.06281	1.21059E-05
308.27509	-2.27909E-05
308.48737	5.7065E-06
308.69968	-1.07824E-05
308.91199	7.20228E-06
309.12433	-0.000016884
309.33667	9.90913E-06
309.54901	-2.81879E-05
309.76138	2.28587E-05
309.97379	-1.34577E-05
310.18616	5.33343E-06
310.39859	-1.36145E-05
310.61099	-8.34063E-07
310.82343	-1.30334E-05
311.03589	8.75364E-06
311.24835	-2.25576E-05
311.46082	1.50474E-06
311.67331	-9.40878E-06
311.8858	8.43456E-06
312.09833	-1.99953E-05
312.31085	7.20746E-06
312.52338	-1.60791E-05
312.73593	1.41597E-05
312.94849	-1.83857E-05
313.16107	3.06202E-06
313.37366	-1.00717E-05
313.58627	6.28592E-06
313.79889	-1.61234E-05
314.01151	1.23234E-05
314.22415	-5.23831E-06
314.4368	3.46292E-06
314.64948	-5.52947E-06
314.86215	6.50158E-06
315.07486	-2.57416E-05
315.28757	1.19026E-05
315.50027	-1.04591E-05
315.71301	4.0721E-06
315.92575	-1.66193E-05
316.13852	0.000021296
316.35129	-1.28142E-05
316.56409	0.000012697
316.77689	-1.86903E-05
316.98969	1.03199E-05
317.20251	-0.000020943
317.41534	2.00759E-05
317.62817	-1.13293E-05
317.84106	9.0301E-06
318.05392	-2.48279E-05
318.26682	1.25032E-05
318.47971	-1.34734E-05
318.69263	-1.73545E-06
318.90555	-2.19335E-05
319.1185	5.60019E-06
319.33145	-1.78697E-05
319.5444	2.46733E-05
319.75739	-1.21183E-05
319.97037	6.71959E-06
320.18338	-1.31128E-05
320.39639	1.02106E-05
320.60944	-1.66754E-05
320.82245	6.67889E-06
321.03552	-1.31888E-05
321.2486	1.01857E-05
321.46167	-0.000012598
321.67474	1.03634E-05
321.88788	-9.56978E-06
322.10098	5.46259E-06
322.31412	-1.95409E-05
322.52725	1.43537E-05
322.74042	-2.38257E-05
322.95358	1.21069E-05
323.16678	-1.67478E-05
323.37997	2.39994E-06
323.59317	-4.48734E-07
323.8064	1.44613E-05
324.01962	-1.49064E-05
324.23288	-2.92807E-06
324.44614	-9.67462E-06
324.65942	1.47456E-05
324.87271	-1.43147E-05
325.086	1.28884E-05
325.29932	-1.92301E-05
325.51263	2.57912E-06
325.72598	-1.14089E-05
325.93933	-4.06812E-06
326.15268	-1.52309E-05
326.36606	6.14835E-06
326.57944	-2.10644E-05
326.79285	6.52067E-06
327.00626	-7.67962E-06
327.2197	3.17906E-06
327.43314	-2.08087E-06
327.64658	0.000013573
327.86005	-2.22504E-05
328.07352	1.21844E-05
328.28702	-2.54676E-05
328.50052	1.37544E-05
328.71402	-3.69543E-06
328.92755	3.39379E-06
329.14111	-5.66879E-06
329.35464	6.88629E-06
329.56821	-1.17458E-05
329.7818	6.96068E-06
329.99539	-1.17066E-05
330.20901	5.41952E-07
330.42261	-8.74805E-06
330.63626	6.78226E-06
330.84988	-3.44699E-06
331.06354	7.88574E-06
331.27722	-1.13107E-05
331.49091	1.32473E-05
331.70459	-1.17615E-05
331.9183	2.80954E-06
332.13202	-2.40962E-05
332.34576	1.45888E-05
332.55951	-3.77914E-06
332.77325	6.25771E-06
332.98703	-2.06494E-05
333.20081	7.79183E-06
333.41461	-2.50077E-05
333.62842	9.15825E-06
333.84225	-9.96492E-06
334.05609	9.12698E-06
334.26993	-2.79969E-05
334.4838	3.75408E-06
334.69766	-1.74142E-05
334.91156	5.41395E-06
335.12546	-1.74608E-05
335.33936	1.37803E-05
335.55328	-1.34976E-05
335.76721	-2.82777E-07
335.98117	-1.95835E-05
336.19513	5.10846E-06
336.40912	-2.17837E-05
336.62311	2.22098E-06
336.8371	-2.03544E-05
337.05112	1.37814E-05
337.26514	-2.11673E-05
337.47916	6.38551E-06
337.69321	-1.23557E-05
337.90729	1.60986E-05
338.12137	-9.20514E-06
338.33545	1.71182E-05
338.54956	-2.03273E-05
338.76367	1.04747E-05
338.97778	-4.1765E-06
339.19193	1.60759E-05
339.4061	-1.89148E-05
339.62024	5.03554E-06
339.83444	-2.05283E-05
340.04861	6.43242E-06
340.26282	-2.42788E-05
340.47705	-1.01124E-06
340.69128	-1.07795E-05
340.90552	3.26087E-06
341.11975	-2.10176E-05
341.33405	1.05127E-05
341.54831	-1.63035E-05
341.7626	6.03109E-06
341.9769	1.34654E-06
342.19122	1.19627E-05
342.40555	-1.15149E-05
342.6199	1.27332E-05
342.83426	-0.000013659
343.04861	4.5946E-06
343.263	-1.52827E-05
343.47739	8.41185E-06
343.6918	-1.50574E-05
343.90622	9.77572E-06
344.12064	-1.43592E-05
344.33508	1.51408E-05
344.54956	-4.77058E-06
344.76401	1.49144E-05
344.97849	-1.68741E-05
345.19299	0.000006516
345.4075	-2.25752E-05
345.62201	8.3776E-06
345.83655	-0.000021123
346.05109	1.10587E-05
346.26566	-1.55104E-05
346.48022	3.27231E-06
346.69479	-1.23829E-05
346.90939	1.34033E-05
347.12399	-1.65622E-05
347.33862	1.39494E-05
347.55325	-2.79651E-05
347.76791	1.12253E-05
347.98257	-1.51017E-05
348.19724	9.39298E-06
348.41193	-1.92333E-05
348.62662	1.45708E-05
348.84131	-9.76624E-06
349.05603	1.06629E-05
349.27078	-1.68592E-05
349.48553	7.95411E-06
349.70029	-1.42087E-05
349.91504	2.27488E-06
350.12982	-1.87848E-05
350.34463	8.72967E-06
350.55945	-9.88947E-06
350.77426	5.52727E-06
350.98911	-8.31304E-06
351.20395	0.000015873
351.41879	-9.52691E-06
351.63367	2.08413E-05
351.84857	-2.16159E-05
352.06345	9.7846E-08
352.27838	-9.59732E-06
352.49329	1.03817E-05
352.70822	-1.25996E-05
352.92316	1.39655E-05
353.13812	-9.8098E-06
353.35309	9.24195E-06
353.56808	-1.92594E-05
353.78308	1.38271E-05
353.99811	-0.00959
354.2131	0.01815
354.42816	-0.00337
354.64319	0.00109
354.85825	-0.01822
355.07333	0.00279
355.28842	-0.00439
355.50351	0.01168
355.71863	-0.01142
355.93375	0.00351
356.1489	-0.01242
356.36401	0.00423
356.57919	-0.00313
356.79437	0.01016
357.00955	-0.00476
357.22473	0.01096
357.43994	-0.00961
357.65518	0.00629
357.87042	-0.00936
358.08566	0.00632
358.30093	-0.00671
358.5162	0.000935343
358.73148	-0.00867
358.94678	0.00115
359.16208	-0.00847
359.37741	0.00839
359.59274	-0.0046
359.80807	0.000329947
360.02344	-0.00855
360.23883	0.00344
360.45419	-0.01223
360.66962	-0.000125195
360.88501	-0.00197
361.10043	0.00433
361.31586	-0.00486
361.53131	0.0048
361.74677	-0.00388
361.96225	0.00355
362.17773	-0.00587
362.39322	0.00438
362.60873	-0.00535
362.82425	0.00756
363.03979	-0.01054
363.25534	0.00441
363.47092	-0.00418
363.68646	0.0017
363.90207	-0.00502
364.11765	0.00272
364.33325	-0.00617
364.54889	0.00195
364.76453	-0.00229
364.98016	0.0036
365.19583	-0.00575
365.4115	0.00353
365.6272	-0.0054
365.84287	0.00526
366.05859	-0.00748
366.27432	0.00699
366.49005	-0.00178
366.70578	0.00364
366.92154	-0.00679
367.13733	0.00326
367.35309	-0.00266
367.56891	0.00165
367.7847	-0.00427
368.00052	0.00117
368.21634	-0.00518
368.43219	0.00331
368.64807	-0.00582
368.86392	-0.000541811
369.0798	-0.00112
369.29572	0.00355
369.5116	-0.00537
369.72754	0.00205
369.94345	-0.00123
370.15939	0.0078
370.37537	-0.00189
370.59134	0.00531
370.80731	-0.00715
371.02332	0.00332
371.23932	-0.00312
371.45532	-0.000565433
371.67136	-0.00359
371.88739	0.0027
372.10345	-0.00401
372.31952	0.00364
372.53561	-0.00311
372.75171	0.00206
372.9678	-0.00594
373.18393	0.00102
373.40005	-0.0025
373.61618	0.000050457
373.83234	-0.00598
374.04852	0.00377
374.26468	-0.0053
374.4809	0.00395
374.69708	-0.00124
374.9133	0.00396
375.12952	-0.00399
375.34576	0.00194
375.56201	-0.00368
375.77829	0.00183
375.99457	-0.00296
376.21085	0.0015
376.42715	-0.00371
376.64346	0.0032
376.8598	-0.00371
377.07614	0.00235
377.29248	-0.00452
377.50885	0.00277
377.72522	-7.37955E-05
377.94162	0.00111
378.15802	-0.00285
378.37442	0.00159
378.59085	-0.0019
378.80728	0.00185
379.02374	-0.00208
379.2402	0.000596696
379.45666	-0.00358
379.67316	0.00183
379.88965	-0.000642907
380.10617	0.00109
380.32269	-0.00134
380.53925	-0.00105
380.75577	-0.0018
380.97235	0.00196
381.1889	-0.00166
381.40549	0.00197
381.6221	-0.00222
381.83871	-0.00103
382.05533	-0.00286
382.27197	0.00246
382.48862	-0.003
382.70526	0.00194
382.92194	-0.00232
383.13861	0.000798366
383.35532	-0.000476564
383.57202	0.00222
383.78873	-0.00186
384.00546	0.00209
384.22223	-0.00344
384.43896	0.00122
384.65573	-0.00194
384.87253	-0.000365474
385.08932	-0.00312
385.30612	0.00237
385.52295	-0.0007838
385.73978	0.000902667
385.9566	-0.00161
386.17346	0.000901422
386.39032	-0.000984189
386.60721	0.0011
386.8241	-0.00236
387.04102	0.00208
387.25793	-0.000336093
387.47485	0.00119
387.69177	-0.00192
387.90875	7.74217E-05
388.1257	-0.00376
388.34268	8.40739E-05
388.55966	-0.00371
388.77667	0.00182
388.99368	-0.00122
389.21069	0.00123
389.42773	-0.0029
389.64481	0.00163
389.86185	-0.00257
390.07892	0.00163
390.29602	-0.00286
390.51312	0.00153
390.73022	-0.00179
390.94736	0.00111
391.16449	-0.00206
391.38162	0.00174
391.59879	-0.00111
391.81595	0.000678912
392.03314	-0.00097289
392.25034	0.000375705
392.46756	-0.00191
392.68475	-0.000172943
392.90201	-0.00381
393.11923	-6.85736E-08
393.33649	-0.00213
393.55377	0.000396894
393.77106	-0.00101
393.98834	0.000956306
394.20566	-0.00287
394.42297	0.00184
394.64029	-0.000708695
394.85764	0.00194
395.07498	-0.00334
395.29236	0.00111
395.50974	-0.00159
395.72711	0.00228
395.94452	-0.00227
396.16193	-0.000630082
396.37936	-0.0018
396.5968	0.00153
396.81424	-0.00251
397.03171	0.00184
397.24918	-0.00189
397.46667	0.000198383
397.68417	-0.000579625
397.90167	0.0017
398.1192	-0.000786257
398.33673	3.32147E-05
398.55429	-0.00152
398.77185	0.00209
398.98941	-0.00222
399.207	0.00139
399.42459	-0.00179
399.64221	0.00225
399.85983	-0.00154
400.07745	0.000537579
400.2951	-0.00121
400.51276	0.00169
400.73044	-0.00121
400.94812	0.00102
401.1658	-0.00143
401.38351	0.00154
401.60123	-0.000941006
401.81897	0.000613017
402.03671	-0.000824617
402.25446	0.000215739
402.47223	-0.00102
402.69	-0.00131
402.90778	0.00204
403.12558	-0.000572096
403.34338	-2.32007E-05
403.56122	-0.00109
403.77905	0.00119
403.99692	-0.00076843
404.21478	0.000664046
404.43265	-0.000624602
404.65054	0.000653647
404.86844	-0.00087833
405.08633	0.000884461
405.30426	-0.00171
405.52219	0.000697655
405.74014	-0.00138
405.9581	0.00106
406.17606	-0.00119
406.39404	0.00143
406.61203	-0.002
406.83005	0.00152
407.04807	-0.000575829
407.26608	-0.000257604
407.48413	-2.24882E-06
407.70218	0.00224
407.92026	-0.000977887
408.13834	0.00126
408.35641	-0.00132
408.57452	0.00124
408.79263	-0.00222
409.01077	0.00124
409.22891	-0.00158
409.44705	0.000462898
409.66522	-0.000710251
409.88339	3.88261E-05
410.10156	-0.00165
410.31976	0.00105
410.53799	-0.000699193
410.7562	0.00104
410.97443	-6.34213E-05
411.19269	0.000437097
411.41095	-8.81013E-05
411.62921	0.000422025
411.8475	-0.0011
412.0658	0.000264301
412.28409	-0.00159
412.50241	0.000718435
412.72073	-0.00173
412.93909	0.00067404
413.15744	-0.00117
413.37579	0.000986377
413.59418	-0.00111
413.81256	0.000976382
414.03098	-0.000530171
414.24939	6.57081E-05
414.4678	5.92594E-05
414.68625	0.00175
414.90469	-0.00133
415.12317	0.00143
415.34164	-0.00135
415.56012	0.000838951
415.77863	-0.000813268
415.99713	0.000483903
416.21564	-0.00165
416.43417	0.0012
416.65271	-0.00227
416.87128	-7.61922E-05
417.08984	-5.50924E-05
417.30844	-7.75997E-05
417.52701	-0.00115
417.74564	0.000875682
417.96423	-0.00123
418.18286	0.00192
418.40152	-0.00224
418.62015	0.00184
418.83884	-0.00182
419.0575	0.000324809
419.27618	-0.00242
419.49487	0.00104
419.71359	-0.000697209
419.93231	0.0017
420.15106	-0.00212
420.36981	0.00111
420.58856	-0.00216
420.80734	0.0011
421.02612	-0.00163
421.2449	0.000267426
421.46371	-0.000710973
421.68253	0.00071398
421.90137	-0.000746634
422.12021	0.00055724
422.33908	-0.00101
422.55792	0.000602076
422.77682	-0.00188
422.9957	-0.000620461
423.2146	-0.00204
423.4335	0.000885963
423.65244	-0.00113
423.87137	0.000883385
424.09033	-0.000983583
424.3093	0.000662184
424.52826	-0.000401862
424.74725	0.00024126
424.96625	-0.00149
425.18524	0.0007443
425.40427	-0.000715444
425.62329	0.000644374
425.84235	-0.00101
426.0614	0.000952852
426.28046	-0.00138
426.49954	0.00179
426.71863	-0.00119
426.93774	0.000510253
427.15686	-0.00115
427.37598	0.000354734
427.59512	-0.0018
427.81427	0.000906828
428.03345	-0.00194
428.25262	0.000597492
428.4718	-0.000992089
428.69101	0.00125
428.91022	-0.000395111
429.12943	0.000215314
429.34866	-0.000270699
429.5679	0.000277391
429.78717	-0.0013
430.00644	0.00192
430.22571	-0.00164
430.44501	0.0012
430.66431	-0.00108
430.88364	0.000204333
431.10294	-0.00139
431.3223	0.000947551
431.54163	7.96855E-05
431.76102	0.000299299
431.98038	-0.00107
432.19977	0.00107
432.41916	-0.00105
432.63858	0.00046082
432.858	-0.000871475
433.07742	0.00122
433.29688	-0.00174
433.51633	0.000882577
433.73581	-0.000786518
433.95529	0.000292517
434.17477	-0.000896996
434.39429	0.00104
434.6138	-0.00152
434.83331	0.00106
435.05286	-0.00119
435.2724	0.00131
435.49197	-0.000230543
435.71155	0.00127
435.93112	-0.00133
436.15073	0.000916142
436.37033	-0.000409489
436.58997	0.00097526
436.8096	-0.000612814
437.02924	0.000177366
437.2489	-0.00108
437.46857	0.0011
437.68823	-0.00144
437.90793	0.000875761
438.12766	-0.00137
438.34735	0.00148
438.56708	-0.00158
438.78683	0.000632678
439.00656	-0.00129
439.22635	0.00147
439.44611	-0.000895242
439.66589	8.21531E-05
439.88568	-0.00143
440.1055	0.000906757
440.32532	-0.00149
440.54517	0.00105
440.76501	-0.000972067
440.98486	0.000542179
441.20471	-0.000629866
441.42459	0.000320558
441.6445	0.000408291
441.86441	0.000873687
442.08432	-0.000403481
442.30423	0.000462248
442.52417	-0.000511481
442.74414	0.000436193
442.96408	-0.000621708
443.18405	0.00112
443.40405	-0.000873836
443.62405	4.74995E-05
443.84406	-0.00178
444.06406	0.00166
444.28409	0.000158577
444.50415	0.00107
444.72418	-0.00106
444.94427	0.000377062
445.16434	-0.00134
445.38443	0.000621508
445.60452	-0.00116
445.82465	0.00168
446.04477	-0.000501702
446.26489	0.00105
446.48505	-0.00074227
446.7052	0.00122
446.92538	-0.000403909
447.14557	0.0014
447.36575	-0.00111
447.58597	0.00171
447.80618	-0.00131
448.0264	0.000910523
448.24664	-0.000914282
448.46692	0.00203
448.68716	-0.00107
448.90744	0.000537803
449.12772	-0.00108
449.34802	0.000567084
449.56833	-0.00123
449.78867	0.00021592
450.009	-0.000365255
450.22934	0.000596653
450.44971	-0.00117
450.67007	0.000523656
450.89044	-0.000852221
451.11084	0.000914997
451.33124	-0.00102
451.55167	0.00152
451.77209	-0.00151
451.99252	0.00113
452.21298	-0.00141
452.43344	0.000427163
452.6539	-0.000716532
452.87439	0.000787404
453.09488	-0.000815288
453.3154	0.0013
453.53592	-0.0012
453.75644	0.00134
453.97699	-0.000814453
454.19754	0.000552241
454.41809	-0.00121
454.63867	0.00144
454.85928	-0.000626917
455.07986	0.000173889
455.30048	0.000106781
455.52112	0.000869088
455.74173	-0.000789923
455.9624	0.000680186
456.18304	-0.00118
456.40372	0.000258274
456.62439	-0.000460362
456.84509	0.00139
457.0658	-0.000671386
457.2865	0.000451241
457.50723	-0.000559521
457.72797	0.000442414
457.94873	-0.000771847
458.16949	0.00099153
458.39026	-0.00101
458.61105	0.000431326
458.83185	0.000215713
459.05264	-0.0006745
459.27347	0.000724761
459.49429	-0.000520147
459.71515	0.000889423
459.936	-0.000963855
460.15686	0.000468978
460.37775	-0.000488581
460.59863	0.000692819
460.81952	-0.000172445
461.04044	0.000300768
461.26135	-0.000180818
461.4823	0.000440792
461.70325	-0.000479546
461.92419	0.000547469
462.14517	-0.00107
462.36615	0.000766861
462.58716	-0.000776089
462.80814	0.000999467
463.02917	-0.000979738
463.25018	0.000119348
463.47122	-0.000653077
463.69226	0.000569074
463.91333	-0.000363437
464.1344	0.00074314
464.3555	-0.000252799
464.5766	0.000274377
464.7977	-0.000539311
465.0188	0.000795115
465.23993	-0.000554696
465.46109	0.00104
465.68225	-0.00125
465.90341	0.000978988
466.12457	-0.000978748
466.34576	0.000753316
466.56696	-0.000326265
466.78818	0.000285973
467.0094	-0.000121485
467.23062	0.000167972
467.45187	-0.000556414
467.67313	0.000808432
467.89441	-0.000193266
468.11566	-0.000101567
468.33698	-0.00008226
468.55826	0.000216837
468.77957	-0.000188507
469.00092	0.000222873
469.22223	-0.000374775
469.44357	0.000637029
469.66495	-0.000924276
469.88632	0.000796985
470.1077	-0.000301743
470.3291	0.000651627
470.55051	-0.000674391
470.77191	0.000786913
470.99335	-0.0012
471.21478	0.00104
471.43622	-0.00119
471.65768	0.00048852
471.87915	-0.000308235
472.10065	0.000661464
472.32214	-0.000459856
472.54364	0.00113
472.76517	-0.000581176
472.98669	0.000487358
473.20822	-0.000746748
473.42978	0.000731458
473.65137	-0.000466037
473.87292	0.000788764
474.09451	-0.000752121
474.3161	0.000663389
474.53772	-0.000349416
474.75934	0.000625079
474.98099	-0.000572296
475.20261	0.000882753
475.42429	-0.000666367
475.64594	0.000122864
475.86761	-0.000362731
476.08929	0.000368633
476.311	-0.000486628
476.53271	0.000809142
476.75446	-0.000266508
476.97617	0.00144
477.19794	-0.000122324
477.41968	0.000987189
477.64145	-0.00061401
477.86322	0.00132
478.08502	-0.000373325
478.30682	0.000894628
478.52863	-0.000222875
478.75046	0.00121
478.97229	-0.00137
479.19415	0.000164866
479.41602	-0.000456295
479.63788	0.00128
479.85977	-0.000157122
480.08166	0.0007198
480.30356	-0.000638254
480.52548	0.000562239
480.74741	-0.00069854
480.96933	0.000388302
481.19128	-0.00118
481.41324	0.00135
481.63522	-0.000913107
481.85721	0.000492698
482.07919	-0.000620284
482.30121	0.000855735
482.52322	-0.000253615
482.74524	0.000799098
482.96729	-0.00044142
483.18933	0.000296378
483.41141	-0.000407505
483.63348	0.00108
483.85556	-5.05076E-05
484.07767	0.00147
484.29977	-0.000945415
484.52188	0.00132
484.74402	-0.000253521
484.96616	0.000449213
485.18832	-0.000593885
485.41049	0.00148
485.63266	0.000118682
485.85486	0.00116
486.07706	-0.000275517
486.29926	0.000336234
486.52148	4.64289E-06
486.74371	0.000723558
486.96594	-0.00046678
487.1882	0.00116
487.41046	-0.000160314
487.63275	0.000422702
487.85504	-0.000351894
488.07733	0.000793827
488.29965	-0.000796534
488.52197	0.000816758
488.74429	-0.000241435
488.96664	0.000376936
489.189	-0.000269173
489.41138	0.000407292
489.63376	-0.000571124
489.85614	0.000301888
490.07852	-5.35142E-05
490.30093	0.000789488
490.52338	-0.000469663
490.74582	0.000974032
490.96826	-8.95894E-05
491.1907	0.0012
491.41318	-0.000420546
491.63565	0.00125
491.85815	-0.000664234
492.08066	0.000782014
492.30316	-8.56734E-05
492.5257	0.000424958
492.74823	-1.22764E-05
492.97076	0.000420463
493.19333	-0.000136499
493.41589	0.000412969
493.63849	-0.000451322
493.86105	0.000309714
494.08368	-0.000246088
494.30627	0.000334978
494.5289	-0.000650951
494.75156	0.000684348
494.97418	-5.17842E-05
495.19684	0.00064436
495.41953	-0.000522833
495.64221	0.000834059
495.8649	-4.07378E-05
496.08759	0.00017806
496.3103	-8.58187E-05
496.53302	0.000680992
496.75577	-0.000373694
496.97852	0.00045689
497.20126	-0.000306667
497.42404	-2.39443E-05
497.64682	-0.000425475
497.86963	0.000835296
498.09244	-0.000140068
498.31525	0.000321356
498.53806	-0.000178781
498.76089	0.000381947
498.98376	4.30176E-05
499.2066	0.00085866
499.42947	-0.000231219
499.65237	0.000549651
499.87524	-0.000116408
500.09818	0.000327251
500.32108	-0.000225335
500.54401	0.000650226
500.76694	-0.000227928
500.9899	0.000399966
501.21286	2.27296E-05
501.43582	0.000691303
501.65881	-0.000169135
501.88181	0.000537726
502.1048	-0.000452314
502.32782	0.000641184
502.55084	-0.000752193
502.77386	0.000844526
502.99692	-0.000443458
503.21997	0.000132357
503.44305	-0.000197034
503.66614	0.000346958
503.88922	-0.000233479
504.11234	0.000325989
504.33545	-0.000389105
504.55856	0.000571263
504.78171	-0.000402435
505.00485	0.000646787
505.22803	-0.000519562
505.4512	0.000470177
505.67438	-0.000089328
505.89755	0.000673439
506.12076	-0.000462481
506.34399	0.000384495
506.5672	-2.77448E-05
506.79044	0.000507409
507.0137	-0.000582387
507.23697	-3.43986E-05
507.46024	0.000280396
507.6835	0.000435389
507.9068	0.000142673
508.1301	0.000834745
508.35342	-0.00045102
508.57675	0.000338954
508.80008	-0.000816838
509.02344	-0.000151913
509.2468	-0.000283368
509.47015	0.00032893
509.69354	-0.000264812
509.91693	0.000336705
510.14032	-0.000596305
510.36374	0.000547042
510.58716	-0.000198322
510.81061	0.000470341
511.03406	-0.000255095
511.25751	0.000819046
511.48099	-0.000602042
511.70447	0.000566418
511.92795	-0.000492686
512.15143	0.000594579
512.375	6.61109E-05
512.59851	0.000651464
512.82202	-0.000610527
513.04559	0.000137101
513.2691	-0.000135151
513.49268	0.000372088
513.71631	-0.000221815
513.93988	0.000755783
514.16345	-0.000646484
514.38708	0.000466876
514.61072	-0.000873997
514.83435	0.000407227
515.05798	-0.000266244
515.28162	0.000510596
515.50531	-0.000473369
515.729	-0.00064082
515.9527	0.00121
516.17639	-5.39396E-05
516.40009	0.000564311
516.62384	-0.000269785
516.84753	0.000206058
517.07129	-0.000491618
517.29504	0.000822299
517.5188	-0.000977897
517.74261	0.000620818
517.96637	-0.000851889
518.19019	0.000923419
518.414	-0.00062357
518.63782	0.000891964
518.86163	3.58593E-05
519.08551	0.000812204
519.30933	-0.000347859
519.5332	0.0011
519.75708	-0.00119
519.98096	0.000715857
520.20483	-0.000219986
520.42877	0.000315779
520.65271	-0.000440033
520.87665	0.000207641
521.10059	-0.000470458
521.32452	0.000204632
521.54846	-0.000537158
521.77246	0.00083033
521.99646	-0.00102
522.22046	0.000771798
522.44446	-9.64143E-05
522.66846	0.000578991
522.89252	-0.000959608
523.11652	0.000614634
523.34058	-8.73283E-05
523.56464	0.000518727
523.7887	-0.000140261
524.01282	0.000864927
524.23688	-0.000167879
524.461	0.000730876
524.68512	-4.72782E-05
524.90924	0.000507152
525.13336	-0.00113
525.35754	0.000814315
525.58167	-0.00022257
525.80585	0.000391577
526.03003	-0.000125897
526.25421	0.000351064
526.47845	-0.000371912
526.70264	0.000329879
526.92688	-0.000252214
527.15112	0.000098651
527.37537	-0.000588803
527.59961	0.000441656
527.82391	-0.000953088
528.04816	0.00102
528.27246	-0.000229464
528.49677	0.00122
528.72107	-0.000445447
528.94537	0.000514267
529.16974	-0.00074727
529.39404	0.000421515
529.61841	-0.000186551
529.84277	-0.000211734
530.0672	-0.00028614
530.29156	0.000562017
530.51593	-0.000278557
530.74036	0.000641199
530.96478	-0.000932021
531.18921	0.000614768
531.41364	-0.000159764
531.63812	0.000196869
531.86261	-0.000100096
532.08704	0.000244741
532.31152	-0.000120323
532.53601	0.00034742
532.76056	-0.000150671
532.98505	0.000287508
533.20959	-0.000323373
533.43414	0.00046708
533.65869	-0.000373394
533.88324	0.000768932
534.10779	-0.000434693
534.3324	0.00030228
534.55701	2.14933E-05
534.78162	0.000492262
535.00623	-0.000445621
535.23083	0.000428766
535.45551	-0.000156707
535.68011	0.000412113
535.90479	-0.000333815
536.12946	0.00028639
536.35413	-0.000744296
536.57886	0.000615712
536.80353	-0.000244977
537.02826	0.000442634
537.25299	-0.000281823
537.47772	0.00032681
537.70245	-0.000103537
537.92719	0.000307264
538.15198	-0.000343271
538.37677	0.000219877
538.60156	-0.000560665
538.82636	0.000416251
539.05115	-0.000593423
539.27594	0.000433085
539.50079	-0.000336559
539.72565	0.000122784
539.9505	-8.58551E-05
540.17535	0.00023032
540.40021	-9.00767E-05
540.62512	0.000327131
540.85004	-0.00036279
541.07489	0.000256632
541.2998	-0.000353766
541.52478	0.000477477
541.74969	-0.000363605
541.97467	0.000286784
542.19958	-0.000252928
542.42456	0.00014504
542.64954	-0.000287623
542.87457	0.000378525
543.09955	-0.000234621
543.32458	0.000345247
543.54962	-0.000163335
543.77466	0.000566913
543.99969	-0.000505441
544.22473	0.000209404
544.44983	-0.000159648
544.67487	0.000464105
544.89996	-0.000475322
545.12506	0.000252296
545.35016	-0.000110701
545.57532	0.000241772
545.80042	-0.000466736
546.02557	0.000407395
546.25073	0.000139357
546.47589	0.000167589
546.70105	-0.000375723
546.92627	0.000201305
547.15143	-5.83272E-05
547.37665	0.000357526
547.60187	-6.86237E-05
547.82709	0.000382958
548.05237	-0.000120262
548.27759	0.000265556
548.50287	-0.000809311
548.72815	0.000209805
548.95343	-0.00061461
549.17871	0.000285672
549.40399	-2.5274E-06
549.62933	0.00055958
549.85468	-0.000297426
550.07996	0.000364507
550.3053	-0.000226178
550.5307	0.000641187
550.75604	-0.000336116
550.98145	0.00058862
551.20679	-0.000116305
551.43219	0.000467918
551.65765	-0.000798694
551.88306	9.74855E-05
552.10846	-0.000149199
552.33392	0.000511601
552.55939	-2.81831E-05
552.78485	0.000448959
553.01031	-0.000182739
553.23578	0.000206411
553.4613	-0.000376626
553.68677	0.000561923
553.91229	-0.000603765
554.13782	0.000456963
554.3634	-0.000451692
554.58893	0.000440084
554.81445	-0.000348211
555.04004	0.000395138
555.26563	-5.18936E-06
555.49121	0.00052086
555.7168	-0.000582174
555.94244	0.000550633
556.16803	0.0000841
556.39368	0.000489085
556.61932	-0.00025122
556.84497	0.000903472
557.07068	-9.79792E-05
557.29633	0.000310801
557.52203	-0.000157661
557.74768	0.001
557.97339	-0.00058117
558.19916	0.000535412
558.42487	-7.84978E-05
558.65057	8.64336E-05
558.87634	-0.000403412
559.10211	0.00037834
559.32788	-0.000180458
559.55365	0.000364744
559.77948	-0.000155901
560.00525	0.000148564
560.23108	0.000086483
560.45691	0.000801227
560.68274	-0.000194557
560.90857	0.000376831
561.13446	-0.000485306
561.36029	0.000878291
561.58618	-0.000385852
561.81207	0.000679273
562.03796	-0.000334271
562.26386	0.000552497
562.48981	-0.000348458
562.7157	0.000574036
562.94165	-0.00013288
563.1676	0.000878718
563.39355	-0.000586461
563.61951	0.000446268
563.84552	-0.000245475
564.07153	0.000512695
564.29749	-0.000126183
564.5235	0.000886072
564.74957	-0.000381285
564.97559	0.000801981
565.20166	-5.88907E-05
565.42767	0.000602771
565.65375	7.24325E-05
565.87982	0.000597105
566.1059	-0.000298187
566.33203	0.000564609
566.55811	-0.000145048
566.78424	0.000610849
567.01038	-9.01792E-05
567.23651	0.000770497
567.46265	-0.000244829
567.68884	0.000924183
567.91498	-0.000657631
568.14117	0.000919213
568.36737	-0.000612538
568.59357	0.000287887
568.81976	0.000163085
569.04602	0.000571793
569.27222	-0.000118148
569.49847	0.000609307
569.72473	-0.000134374
569.95099	0.000858895
570.17731	9.69211E-06
570.40356	0.000709272
570.62988	2.48405E-05
570.8562	0.000821224
571.08252	-0.000214515
571.30884	0.00102
571.53516	-6.62377E-05
571.76154	0.000924208
571.98785	0.000135541
572.21423	0.00101
572.44061	0.000233994
572.66699	0.000442939
572.89343	-0.000281219
573.11981	0.00116
573.34625	0.000869067
573.57269	7.31176E-05
573.79913	0.000911566
574.02557	0.000467263
574.25208	0.00108
574.47852	0.000319019
574.70502	0.00123
574.93152	0.000168457
575.15802	0.000996975
575.38452	0.000351378
575.61108	0.000754976
575.83759	-0.000333149
576.06415	0.00106
576.29071	0.000430057
576.51727	0.000956599
576.74384	4.32432E-05
576.97046	0.00131
577.19702	5.45431E-05
577.42364	0.000771037
577.65027	0.000976269
577.87689	0.00162
578.10358	0.000749592
578.3302	0.0015
578.55688	0.000480405
578.78351	0.00136
579.01019	0.000784926
579.23694	0.00146
579.46362	0.000630986
579.69031	0.00142
579.91705	0.000860291
580.1438	0.00173
580.37054	0.000714523
580.59729	0.00131
580.82404	0.000759812
581.05084	0.00154
581.27765	0.000739754
581.50439	0.00134
581.7312	0.000946803
581.95807	0.0019
582.18488	0.000895989
582.41174	0.00191
582.63855	0.000889735
582.86542	0.00194
583.09229	0.00104
583.31915	0.00169
583.54608	0.00121
583.77295	0.00199
583.99988	0.00152
584.22681	0.00206
584.45374	0.00151
584.68066	0.00224
584.90765	0.00162
585.13458	0.00249
585.36157	0.00187
585.58856	0.00278
585.81555	0.00198
586.04254	0.00265
586.26959	0.00175
586.49658	0.00278
586.72363	0.00205
586.95068	0.00239
587.17773	0.00174
587.40479	0.0028
587.6319	0.00219
587.85895	0.00283
588.08606	0.00255
588.31317	0.00318
588.54028	0.00276
588.76739	0.00354
588.99457	0.00287
589.22168	0.00328
589.44885	0.00323
589.67603	0.00385
589.9032	0.00279
590.13043	0.00349
590.35761	0.00289
590.58484	0.004
590.81201	0.00326
591.03925	0.00387
591.26654	0.0036
591.49377	0.00421
591.72101	0.00376
591.9483	0.00419
592.1756	0.00402
592.40289	0.00467
592.63019	0.00386
592.85748	0.00502
593.08484	0.00447
593.31213	0.0055
593.53949	0.00466
593.76685	0.00517
593.9942	0.00495
594.22162	0.00555
594.44897	0.00509
594.67639	0.00582
594.90381	0.00537
595.13123	0.00605
595.35864	0.00549
595.58606	0.00657
595.81354	0.00602
596.04095	0.0064
596.26843	0.00612
596.49591	0.0071
596.72339	0.00658
596.95093	0.00735
597.17841	0.00732
597.40594	0.00781
597.63348	0.00711
597.86102	0.00781
598.08856	0.00722
598.3161	0.00886
598.5437	0.00831
598.77124	0.00862
598.99884	0.00849
599.22644	0.00897
599.45404	0.00862
599.6817	0.00956
599.9093	0.00896
600.13696	0.01013
600.36462	0.00985
600.59229	0.0102
600.81995	0.01001
601.04761	0.01116
601.27533	0.01078
601.50305	0.01155
601.73071	0.01104
601.95844	0.01199
602.18622	0.01162
602.41394	0.0123
602.64166	0.01214
602.86945	0.01326
603.09723	0.01288
603.32501	0.01375
603.5528	0.01318
603.78064	0.01481
604.00842	0.0136
604.23627	0.01502
604.46411	0.0143
604.69196	0.01564
604.9198	0.01545
605.14764	0.01641
605.37555	0.01594
605.60339	0.0172
605.8313	0.01676
606.0592	0.01755
606.28711	0.01745
606.51508	0.01884
606.74298	0.01828
606.97095	0.01939
607.19891	0.01916
607.42688	0.02023
607.65485	0.01961
607.88281	0.02124
608.11084	0.02057
608.33881	0.02227
608.56683	0.02205
608.79486	0.02291
609.02295	0.02252
609.25098	0.02383
609.479	0.02389
609.70709	0.0256
609.93518	0.02467
610.16327	0.02625
610.39136	0.02558
610.61945	0.02661
610.8476	0.02674
611.07574	0.02819
611.30383	0.02787
611.53198	0.02878
611.76019	0.0289
611.98834	0.03051
612.21649	0.02981
612.4447	0.03205
612.67291	0.03133
612.90112	0.03243
613.12933	0.03252
613.35754	0.03428
613.58582	0.0341
613.81403	0.03485
614.0423	0.0354
614.27057	0.03681
614.49884	0.03671
614.72717	0.03828
614.95544	0.03798
615.18378	0.0397
615.41211	0.03998
615.64044	0.04073
615.86877	0.04167
616.09711	0.04351
616.32544	0.04328
616.55383	0.04484
616.78223	0.04519
617.01062	0.04723
617.23901	0.04758
617.46741	0.0492
617.69586	0.04918
617.92426	0.0512
618.15271	0.05132
618.38116	0.05305
618.60962	0.05327
618.83807	0.0554
619.06659	0.05587
619.29511	0.05726
619.52356	0.05809
619.75208	0.05992
619.98059	0.06023
620.20917	0.06142
620.43768	0.06203
620.66626	0.06522
620.89478	0.06483
621.12335	0.06718
621.35193	0.06757
621.58057	0.07007
621.80914	0.07084
622.03778	0.07182
622.26636	0.07396
622.495	0.07617
622.72363	0.07673
622.95227	0.07909
623.18097	0.08031
623.40961	0.08279
623.63831	0.08318
623.867	0.08623
624.0957	0.08806
624.3244	0.09042
624.55316	0.09077
624.78186	0.09387
625.01062	0.09508
625.23938	0.09885
625.46814	0.10004
625.6969	0.10155
625.92566	0.10299
626.15448	0.10579
626.3833	0.10766
626.61206	0.10904
626.84088	0.11064
627.06976	0.11541
627.29858	0.11612
627.5274	0.11884
627.75629	0.12074
627.98517	0.12483
628.21405	0.1258
628.44293	0.12914
628.67181	0.1328
628.90076	0.13479
629.12964	0.13651
629.35858	0.13983
629.58752	0.14219
629.81647	0.14649
630.04547	0.14839
630.27441	0.15348
630.50342	0.1542
630.73236	0.159
630.96136	0.16079
631.19037	0.16321
631.41943	0.16776
631.64844	0.1712
631.8775	0.17799
632.10657	0.17946
632.33557	0.18406
632.5647	0.18674
632.79376	0.19034
633.02283	0.19523
633.25195	0.19827
633.48102	0.20319
633.71014	0.2062
633.93927	0.21091
634.16846	0.21409
634.39758	0.21874
634.62677	0.22249
634.8559	0.22811
635.08508	0.23025
635.31427	0.23705
635.54346	0.24262
635.77271	0.24601
636.00189	0.25028
636.23114	0.25853
636.46039	0.26384
636.68964	0.26716
636.91888	0.26971
637.14813	0.27805
637.37744	0.28225
637.60669	0.28939
637.836	0.29396
638.06531	0.30063
638.29462	0.30526
638.52393	0.31348
638.7533	0.31743
638.98261	0.32063
639.21198	0.32907
639.44135	0.33502
639.67072	0.34267
639.90009	0.35171
640.12952	0.35564
640.35889	0.36503
640.58832	0.37446
640.81775	0.37535
641.04718	0.38991
641.27661	0.39654
641.5061	0.40548
641.73553	0.40762
641.96503	0.41834
642.19452	0.42375
642.42401	0.43649
642.6535	0.44387
642.883	0.45105
643.11255	0.46087
643.3421	0.47043
643.57159	0.4792
643.80115	0.49371
644.03076	0.5025
644.26031	0.51096
644.48987	0.51818
644.71948	0.53066
644.9491	0.54891
645.17871	0.55877
645.40833	0.56578
645.63794	0.57587
645.86755	0.58202
646.09723	0.58937
646.3269	0.60504
646.55658	0.61926
646.78625	0.62105
647.01593	0.62424
647.24561	0.64543
647.47534	0.65263
647.70508	0.66707
647.93481	0.67568
648.16455	0.68495
648.39429	0.69035
648.62402	0.70139
648.85382	0.71112
649.08356	0.72011
649.31335	0.73172
649.54315	0.7469
649.77295	0.75722
650.00281	0.76321
650.23261	0.77049
650.46246	0.77616
650.69232	0.78015
650.92218	0.77978
651.15204	0.80078
651.3819	0.81054
651.61176	0.821
651.84167	0.81806
652.07159	0.83288
652.30151	0.84723
652.53143	0.85283
652.76135	0.85971
652.99127	0.86595
653.22125	0.87993
653.45117	0.88655
653.68115	0.9079
653.91113	0.90368
654.14117	0.91765
654.37115	0.91892
654.60114	0.92758
654.83118	0.93786
655.06122	0.94854
655.29126	0.95291
655.5213	0.96187
655.75134	0.97476
655.98145	0.97622
656.21149	0.99301
656.44159	0.98321
656.67169	0.98686
656.90179	0.99044
657.1319	0.993
657.36206	0.99496
657.59216	1
657.82233	0.9988
658.05249	0.99959
658.28265	0.99807
658.51282	0.99749
658.74304	0.99064
658.97321	0.98716
659.20343	0.98168
659.43365	0.973
659.66388	0.9669
659.8941	0.95863
660.12433	0.94503
660.35455	0.93691
660.58484	0.92256
660.81512	0.9102
661.04541	0.89542
661.2757	0.87889
661.50598	0.8621
661.73633	0.84516
661.96661	0.82747
662.19696	0.80668
662.42731	0.78813
662.65765	0.77059
662.888	0.74963
663.11835	0.73032
663.34875	0.70938
663.57916	0.68913
663.80951	0.66859
664.03992	0.64724
664.27039	0.62634
664.50079	0.60627
664.7312	0.58634
664.96167	0.56649
665.19214	0.54687
665.42261	0.52585
665.65308	0.50845
665.88354	0.49022
666.11401	0.47111
666.34454	0.45389
666.57507	0.43475
666.8056	0.41848
667.03613	0.40138
667.26666	0.38534
667.49719	0.36962
667.72778	0.35453
667.95831	0.34171
668.1889	0.32801
668.41949	0.31543
668.65009	0.30179
668.88074	0.2898
669.11133	0.27828
669.34198	0.2646
669.57257	0.25395
669.80322	0.2442
670.03387	0.23513
670.26459	0.22528
670.49524	0.21666
670.72595	0.20766
670.9566	0.20038
671.18732	0.19105
671.41803	0.18391
671.64874	0.17593
671.87952	0.16941
672.11023	0.16184
672.341	0.157
672.57178	0.15075
672.80255	0.14544
673.03333	0.13812
673.2641	0.13313
673.49487	0.1276
673.72571	0.12356
673.95654	0.11814
674.18738	0.11385
674.41821	0.10895
674.64905	0.10544
674.87988	0.10083
675.11078	0.09799
675.34161	0.09472
675.57251	0.09094
675.80341	0.08693
676.0343	0.08462
676.26526	0.08086
676.49615	0.07756
676.72711	0.07414
676.95801	0.07209
677.18896	0.06916
677.41992	0.0673
677.65094	0.06373
677.8819	0.06276
678.11292	0.06048
678.34387	0.05879
678.57489	0.05606
678.80591	0.05458
679.03693	0.05229
679.26801	0.05128
679.49902	0.04875
679.7301	0.0479
679.96112	0.04535
680.1922	0.04479
680.42328	0.04198
680.65442	0.04124
680.8855	0.03945
681.11664	0.03875
681.34772	0.03616
681.57886	0.03658
681.81	0.03444
682.04114	0.03403
682.27234	0.03222
682.50348	0.03125
682.73468	0.02994
682.96588	0.03011
683.19708	0.02865
683.42828	0.02805
683.65948	0.02665
683.89075	0.02596
684.12195	0.0245
684.35321	0.02506
684.58447	0.02322
684.81573	0.02317
685.047	0.02191
685.27826	0.02219
685.50958	0.02063
685.74084	0.02142
685.97217	0.01902
686.20349	0.01933
686.43481	0.01783
686.6662	0.01836
686.89752	0.01688
687.12891	0.01748
687.36023	0.01593
687.59161	0.01652
687.823	0.01477
688.05438	0.01545
688.28583	0.01363
688.51721	0.01482
688.74866	0.01322
688.9801	0.0134
689.21155	0.01176
689.44299	0.01309
689.67444	0.01171
689.90594	0.01223
690.13739	0.01116
690.3689	0.01161
690.6004	0.01059
690.83191	0.0095
691.06342	0.01061
691.29492	0.00882
691.52649	0.00945
691.75806	0.00839
691.98956	0.009
692.22113	0.00784
692.4527	0.00844
692.68433	0.0072
692.91589	0.00826
693.14752	0.0071
693.37909	0.00778
693.61072	0.00703
693.84235	0.00712
694.07404	0.00638
694.30566	0.00682
694.53729	0.00574
694.76898	0.00649
695.00067	0.00527
695.23236	0.00648
695.46405	0.00502
695.69574	0.00555
695.92749	0.00475
696.15918	0.00572
696.39093	0.0043
696.62268	0.00542
696.85443	0.00395
697.08618	0.00498
697.31793	0.00379
697.54974	0.0043
697.78149	0.0033
698.01331	0.00419
698.24512	0.00373
698.47693	0.00426
698.70874	0.00303
698.94061	0.00378
699.17242	0.0028
699.4043	0.00425
699.63617	0.0033
699.86804	0.00391
700.09991	0.00316
700.33179	0.00337
700.56372	0.00228
700.79559	0.00391
701.02753	0.00247
701.25946	0.00269
701.49139	0.00247
701.72333	0.00303
701.95532	0.00218
702.18726	0.00279
702.41925	0.00217
702.65125	0.00238
702.88324	0.00162
703.11523	0.00311
703.34723	0.0018
703.57928	0.00279
703.81128	0.00214
704.04333	0.00234
704.27539	0.00208
704.50745	0.00234
704.7395	0.0014
704.97162	0.00226
705.20367	0.00163
705.43579	0.00237
705.66785	0.00146
705.89996	0.00235
706.13214	0.000667267
706.36426	0.00229
706.59637	0.00116
706.82855	0.00211
707.06067	0.00123
707.29285	0.00218
707.52502	0.000882137
707.75726	0.00175
707.98944	0.00138
708.22162	0.00211
708.45386	0.000775971
708.6861	0.00197
708.91833	0.00067373
709.15057	0.0018
709.38281	0.00113
709.61505	0.00155
709.84735	0.000779447
710.07959	0.00158
710.31189	0.00111
710.54419	0.00175
710.77649	0.000483612
711.00885	0.00175
711.24115	0.000604444
711.47351	0.00187
711.70581	0.000650499
711.93817	0.00169
712.17053	6.97754E-05
712.40295	0.00174
712.63531	0.000140208
712.86768	0.00139
713.1001	0.000767014
713.33252	0.00152
713.56494	0.000733972
713.79736	0.0014
714.02979	0.000641253
714.26221	0.00116
714.49469	0.000361467
714.72717	0.00127
714.95959	0.000282768
715.19208	0.00118
715.42462	0.000252483
715.6571	0.00116
715.88959	0.000461281
716.12213	0.000650707
716.35468	5.21498E-05
716.58716	0.000878455
716.8197	9.53327E-05
717.05231	0.000921371
717.28485	-2.10297E-05
717.51739	0.00117
717.75	0.000671766
717.98261	0.00129
718.21521	0.000208602
718.44781	0.00104
718.68042	0.000532458
718.91309	0.00123
719.14569	0.000244738
719.37836	0.00096004
719.61102	0.000205642
719.84369	0.00043108
720.07636	6.65373E-05
720.30902	0.000899907
720.54169	0.000229017
720.77441	0.000741849
721.00714	3.36077E-05
721.23987	0.00109
721.4726	0.0002084
721.70532	0.000879181
721.93805	-9.34331E-05
722.17078	0.00101
722.40356	0.00012809
722.63635	0.00104
722.86914	0.000191645
723.10193	0.000921221
723.33472	0.000139434
723.5675	0.00105
723.80035	-0.00010484
724.0332	0.000704477
724.26599	-0.000261882
724.49884	0.000633957
724.73169	-0.000243726
724.9646	0.000799021
725.19745	-0.00011457
725.43036	0.000312983
725.66321	0.000389009
725.89612	0.000237354
726.12903	0.000216546
726.36194	0.00117
726.59491	-0.000469301
726.82782	0.000772143
727.06079	-9.19985E-05
727.2937	0.000608709
727.52667	-0.00021493
727.75964	0.000799315
727.99268	-0.000323786
728.22565	0.000437276
728.45862	0.000293363
728.69165	0.000660853
728.92468	0.000120081
729.15771	0.00055682
729.39075	-0.000270004
729.62378	0.000801042
729.85681	-0.000441719
730.0899	0.000613931
730.32294	6.81427E-05
730.55603	0.00091365
730.78912	-7.51559E-05
731.02222	0.000585005
731.25537	5.63982E-05
731.48846	0.000787613
731.72162	8.12249E-05
731.95471	0.000667475
732.18787	-0.00029858
732.42102	0.000733818
732.65417	-0.000155105
732.88739	0.000404371
733.12054	-0.000200424
733.35376	0.000551086
733.58691	-0.000535766
733.82013	0.000605688
734.05334	6.42267E-05
734.28656	0.000786498
734.51984	-0.000025233
734.75305	0.00065481
734.98633	-0.000279282
735.21954	0.000616686
735.45282	-0.000273835
735.6861	0.00029489
735.91943	-0.000531498
736.15271	0.000477669
736.38599	0.000170149
736.61932	0.000440484
736.85266	-0.000214532
737.086	9.58464E-05
737.31934	-0.000149613
737.55267	0.000570825
737.78601	-0.000129752
738.01941	0.000734957
738.25281	-0.000171688
738.48614	0.000611215
738.71954	-0.000219817
738.953	0.000927736
739.1864	-0.000517948
739.4198	0.000619423
739.65326	-0.000462526
739.88666	0.000986804
740.12012	-7.26953E-05
740.35358	0.000808695
740.58704	-8.28023E-05
740.82056	4.99131E-05
741.05402	-0.000311189
741.28754	0.000388078
741.521	-0.000348697
741.75452	0.000558231
741.98804	-1.49336E-05
742.22156	0.000582959
742.45514	-0.000203924
742.68866	0.000402178
742.92224	-0.000321747
743.15576	0.000493988
743.38934	-0.000352626
743.62292	0.000375661
743.85657	-0.000208266
744.09015	0.000305641
744.32373	-0.000335194
744.55737	0.00026499
744.79102	-0.000233453
745.02466	0.000189821
745.2583	-0.000374017
745.49194	0.000639615
745.72559	0.000278585
745.95929	0.00118
746.19293	-1.34106E-05
746.42664	0.000371072
746.66034	-0.000356462
746.89404	0.000376484
747.12775	-0.00061386
747.36151	0.000255535
747.59521	3.45897E-05
747.82898	0.00032826
748.06274	-0.000364013
748.29651	0.000814797
748.53027	-0.00047731
748.76404	0.000420668
748.9978	-0.000424781
749.23163	0.000431785
749.46539	-0.000438711
749.69922	0.000463518
749.93304	-0.000153926
750.16687	-0.000407096
750.40076	0.000283528
750.63458	-0.000470519
750.86841	0.000253388
751.10229	-0.000172795
751.33618	0.000417838
751.57007	-0.000463453
751.80396	0.000441302
752.03784	-0.000164874
752.27179	0.000419849
752.50568	-0.000344587
752.73962	0.000280593
752.97357	-0.000219016
753.20752	0.000542139
753.44147	-0.00024785
753.67542	0.000939235
753.90942	-0.000584655
754.14337	-6.19491E-05
754.37738	-0.000522016
754.61139	0.000608825
754.8454	-0.000280994
755.07941	0.000670006
755.31342	-0.000832705
755.54742	0.000223806
755.78149	-0.00105
756.01556	0.000158462
756.24963	-0.00051521
756.4837	0.000587736
756.71777	-0.000330691
756.95184	6.87102E-05
757.18591	-0.000240466
757.42004	-8.51846E-05
757.65417	-0.000108902
757.88831	-0.000100092
758.12244	-0.00020157
758.35657	-0.000151735
758.5907	-0.001
758.82483	0.000439905
759.05902	-0.000655582
759.29321	-0.000166526
759.5274	-0.000597469
759.7616	0.000352659
759.99579	-0.00031498
760.22998	0.000518529
760.46423	-0.000141184
760.69843	0.000407376
760.93268	-0.000635393
761.16693	0.000121843
761.40118	-0.000409983
761.63544	0.00081705
761.86969	-0.000739722
762.104	0.000292551
762.33826	-0.000632077
762.57257	0.000440878
762.80688	-0.00116
763.0412	0.000970573
763.27551	-0.000301348
763.50983	0.00115
763.7442	-0.000759892
763.97852	0.000968652
764.21289	-0.000467853
764.44727	0.000320949
764.68164	-0.000368299
764.91602	0.000910561
765.15039	-2.90206E-05
765.38483	0.000352343
765.6192	-0.000605422
765.85364	0.000132255
766.08807	-0.000302677
766.32251	0.00094112
766.55695	-0.000624338
766.79138	0.00048924
767.02588	-4.64111E-06
767.26031	0.000951661
767.49481	-0.000617334
767.72931	0.000641691
767.96381	-0.00107
768.1983	0.000405303
768.43286	-0.000874118
768.66736	0.000699383
768.90192	-0.000431702
769.13641	0.000588524
769.37097	0.000414107
769.60553	0.000913352
769.84009	-0.000117584
770.07471	0.000394592
770.30927	-0.000120977
770.54388	0.000729606
770.77844	-6.54754E-05
771.01306	-8.13703E-05
771.24768	-0.000627282
771.4823	0.000401158
771.71698	-0.000567184
771.9516	0.00032119
772.18628	-0.000733951
772.4209	0.000427809
772.65558	-3.85447E-06
772.89026	-0.000098911
773.12494	-0.000513344
773.35962	0.000291672
773.59436	-0.000192371
773.82904	0.000192084
774.06378	-0.00037033
774.29852	0.000994254
774.53326	-0.000120102
774.76801	0.000366149
775.00275	-0.000734462
775.23755	0.000854365
775.47229	-0.00106
775.70709	0.000718175
775.94189	-0.000342907
776.1767	0.00094936
776.4115	-0.00081696
776.6463	0.000096465
776.88116	-0.00036471
777.11597	0.000542962
777.35083	-0.000946484
777.58569	0.00119
777.8205	-0.000663132
778.05542	7.90267E-06
778.29028	-0.000122921
778.52515	0.000548022
778.76007	-0.000377834
778.99493	0.000191725
779.22986	-0.000816519
779.46478	0.000554316
779.69971	-0.001
779.93463	0.00119
780.16962	-0.000786593
780.40454	-4.66337E-05
780.63953	-0.000693066
780.87451	0.000688838
781.1095	-6.15653E-05
781.34448	0.00068547
781.57947	-0.00056546
781.81445	0.000740849
782.0495	-0.000789545
782.28448	0.00114
782.51953	-0.00145
782.75458	0.000621648
782.98962	-0.000475441
783.22467	-0.000546946
783.45978	-0.000896464
783.69482	0.000363495
783.92993	-0.00109
784.16498	0.000100962
784.40009	-0.00031047
784.63519	-0.000218141
784.8703	-0.000409045
785.10547	0.000980213
785.34058	-0.000425125
785.57574	0.000348244
785.81085	-0.000944046
786.04602	0.000655829
786.28119	-0.000733902
786.51636	0.00127
786.75159	-0.000416445
786.98676	-5.05011E-05
787.22198	-0.000655876
787.45715	0.000345388
787.69238	-0.00102
787.92761	0.000351501
788.16284	-0.000505255
788.39813	0.00111
788.63336	-0.000694085
788.86859	0.000966989
789.10388	-0.00033373
789.33917	0.000479772
789.57446	-0.000507574
789.80975	0.000755122
790.04504	-0.000606209
790.2804	0.000682962
790.51569	-0.000932604
790.75104	0.000736876
790.98639	-0.000482693
791.22168	0.000266814
791.45709	-0.000839618
791.69244	0.000782457
791.9278	-0.000680595
792.16321	0.000499522
792.39856	-0.000982187
792.63397	0.000428131
792.86938	-0.000553987
793.1048	0.000662502
793.34021	-0.000777983
793.57562	0.00124
793.8111	-0.00135
794.04651	0.000310733
794.28198	-0.000488845
794.51746	0.000902545
794.75293	-0.000158116
794.9884	0.000374581
795.22388	-0.000619439
795.45941	0.000319334
795.69489	-0.000688316
795.93042	0.00113
796.16595	-0.00080722
796.40149	0.000013468
796.63702	-0.000769163
796.87256	0.000636546
797.10815	-0.00123
797.34369	0.000887443
797.57928	-0.000876562
797.81488	0.000552791
798.05048	-0.000689974
798.28607	0.000197614
798.52167	-0.00038478
798.75726	0.000939134
798.99292	-0.000560988
799.22852	0.0007325
799.46417	-0.00106
799.69983	0.00101
799.93549	-0.000486573
800.17114	0.000264742
800.4068	-0.000334525
800.64252	0.000891009
800.87817	-0.000294002
801.11389	0.000193389
801.34961	-0.000188684
801.58533	0.00141
801.82104	-0.000156521
802.05676	0.000956344
802.29254	-0.00115
802.52826	0.00076067
802.76404	-0.000107701
802.99982	0.000307057
803.2356	-0.000673653
803.47137	0.000305491
803.70715	-0.000748084
803.94299	0.000545093
804.17877	-0.000615855
804.41461	0.000315289
804.65045	-0.0017
804.88623	-0.000288891
805.12213	-0.000415316
805.35797	0.000998447
805.59381	-0.00072532
805.82965	0.000150292
806.06555	-0.00032325
806.30145	0.00064815
806.53735	-0.000564076
806.77325	0.00066157
807.00916	-0.00105
807.24506	0.000480403
807.48102	-0.000956467
807.71692	0.000449661
807.95288	-0.000987132
808.18884	0.00129
808.4248	-0.000294646
808.66077	0.000685103
808.89673	-0.000737101
809.13269	-6.91507E-06
809.36871	-0.000346212
809.60474	-0.000381405
809.8407	-0.000587025
810.07672	0.000281077
810.31274	0.000222822
810.54877	-0.00033228
810.78485	0.00104
811.02087	-0.000801981
811.25696	7.87462E-05
811.49304	-0.000469222
811.72906	0.00024629
811.96515	-0.000126965
812.20129	0.000422666
812.43738	-0.000650267
812.67346	0.000378624
812.90961	-0.000869132
813.14575	-4.42649E-05
813.38184	-0.000828324
813.61798	0.000245222
813.85413	-0.00101
814.09033	0.000639202
814.32648	-0.000464356
814.56268	0.00043586
814.79883	-0.000599685
815.03503	0.000496414
815.27124	-0.000981793
815.50745	0.00074496
815.74365	-0.000434919
815.97986	0.000871555
816.21613	-0.0013
816.45233	0.000859634
816.6886	-0.000611389
816.92487	0.00105
817.16113	-0.000905829
817.3974	0.000741784
817.63367	-0.000743322
817.87	0.000649708
818.10626	-0.00023253
818.34259	0.000725642
818.57892	-0.000443127
818.81525	0.000284914
819.05157	0.000605482
819.2879	0.000262366
819.52423	-0.000158965
819.76062	0.000424364
819.99695	-0.000512332
820.23334	0.00106
820.46973	-0.000694298
820.70612	0.00116
820.9425	-0.000875356
821.17889	-5.28471E-05
821.41534	-0.000504476
821.65173	0.000728792
821.88818	-0.000628268
822.12463	0.00037214
822.36108	-5.64142E-05
822.59753	1.68751E-05
822.83398	-0.000899297
823.0705	2.70468E-05
823.30695	-0.000377726
823.54346	0.00042043
823.77991	-0.00085026
824.01642	0.000598047
824.25293	-0.000559714
824.48944	0.000443129
824.72601	4.46625E-06
824.96252	0.00101
825.1991	-0.00033203
825.43561	0.000723954
825.67218	-0.00117
825.90875	0.00080638
826.14532	-0.00119
826.38196	-0.000168256
826.61853	-0.00108
826.8551	0.000416997
827.09174	-0.000561993
827.32837	0.000636693
827.565	-0.000134959
827.80164	0.000452691
828.03827	-0.00172
828.2749	0.00093525
828.5116	-0.00101
828.74823	0.000897058
828.98492	-0.000635523
829.22162	0.000822069
829.45831	-0.00109
829.69501	0.000359886
829.9317	-0.000681429
830.1684	0.000665463
830.40515	-0.00139
830.64191	5.83264E-05
830.8786	-0.00161
831.11536	0.000686774
831.35211	-0.000527527
831.58887	0.000370431
831.82568	-0.000811425
832.06244	0.000829866
832.29926	-0.000551581
832.53601	-0.000153465
832.77283	-0.000247555
833.00964	0.0004704
833.24646	-0.000852338
833.48328	0.000309551
833.72015	-0.000584866
833.95697	0.000329962
834.19385	-0.00114
834.43073	0.000345993
834.6676	-0.000568525
834.90448	5.53111E-05
835.14136	-0.000807634
835.37823	0.000566434
835.61511	-0.000314991
835.85205	0.00065349
836.08899	-0.000679349
836.32593	0.000557402
836.56281	-0.0012
836.7998	0.000540667
837.03674	-0.000594543
837.27368	0.000901666
837.51068	-0.00167
837.74762	0.000181672
837.98462	-0.000786802
838.22162	0.000457385
838.45862	-0.00144
838.69562	0.00121
838.93262	-0.000850522
839.16968	0.000898258
839.40668	-0.00144
839.64374	0.000265341
839.8808	-0.000868739
840.11786	0.00091966
840.35492	-0.00171
840.59198	0.000643777
840.82904	-0.000271377
841.06616	0.000141444
841.30322	-0.000995675
841.54034	0.000050122
841.77747	-0.000829545
842.01459	0.000311671
842.25171	-0.000887729
842.48883	0.000581394
842.72595	-0.0012
842.96313	0.000262512
843.20032	-0.00157
843.43744	0.000671823
843.67462	-0.00144
843.9118	0.000690486
844.14899	-0.00137
844.38623	0.000611593
844.62341	-0.000304861
844.86066	0.000409697
845.09784	-0.000593383
845.33508	0.000758014
845.57233	-0.0012
845.80957	0.000614287
846.04681	-0.000829574
846.28412	0.000762868
846.52136	-0.000717518
846.75867	0.000290975
846.99597	-0.000814408
847.23328	0.00112
847.47058	-0.00129
847.70789	0.000567191
847.94519	-0.000337094
848.1825	0.000423403
848.41986	-0.00074803
848.65717	0.000794215
848.89453	-0.00077763
849.1319	0.000469854
849.36926	-0.000990486
849.60663	0.000842525
849.84406	-0.000867226
850.08142	0.00104
850.31885	-0.00162
850.55621	0.000954578
850.79364	-0.00142
851.03107	0.0012
851.26849	-0.000775131
851.50592	0.000704274
851.74341	-0.00102
851.98083	-0.000101138
852.21832	-0.00115
852.45581	0.000648297
852.69324	-0.000859995
852.93073	0.000383356
853.16827	-0.000559345
853.40576	-0.000274072
853.64325	-0.00109
853.8808	-0.000183509
854.11829	-0.000620228
854.35583	0.000627304
854.59338	-0.000724645
854.83093	0.000862837
855.06848	-0.000505508
855.30603	0.000264251
855.54364	-0.000786645
855.78119	0.000535717
856.0188	-0.0011
856.25641	0.000824636
856.49402	0.000108409
856.73163	0.00115
856.96924	-0.00173
857.20685	0.000727109
857.44452	-0.00134
857.68213	0.000208233
857.9198	-0.000716102
858.15747	-9.30575E-05
858.39514	-0.00152
858.63281	0.00135
858.87048	-0.0018
859.10822	0.00044519
859.34589	-0.00163
859.58362	0.000509305
859.82135	-0.00168
860.05902	0.000789161
860.29675	-0.000740172
860.53455	0.0005056
860.77228	-0.0012
861.01001	0.00133
861.2478	-0.000753463
861.48553	0.000440438
861.72333	-0.00127
861.96112	4.38894E-05
862.19891	-0.000626317
862.43671	0.00070761
862.67456	-0.000740621
862.91235	0.00112
863.15015	-0.000483894
863.388	-0.000303593
863.62585	-0.00141
863.86371	0.00156
864.10156	-0.00135
864.33942	0.000373492
864.57727	-0.00175
864.81519	0.00136
865.05304	-0.000646882
865.29095	0.00143
865.52887	-0.00125
865.76678	0.000951717
866.0047	0.000314339
866.24261	0.000963679
866.48059	-0.00119
866.71851	0.000962596
866.95648	-0.000740129
867.1944	0.000209972
867.43237	-0.0017
867.67035	0.000518528
867.90833	-0.000716215
868.14636	0.0017
868.38434	0.000212226
868.62231	0.00218
868.86035	-0.00158
869.09839	-0.000603082
869.33643	-0.00126
869.57446	0.0016
869.8125	-0.000478095
870.05054	0.000409788
870.28857	-0.00212
870.52667	0.000632581
870.76477	-0.00208
871.00281	-0.00066956
871.24091	0.00325
871.479	-0.00125
871.7171	0.000482942
871.95526	-0.000905836
872.19336	0.00101
872.43152	-0.00273
872.66962	0.00144
872.90778	0.000718122
873.14594	0.00143
873.38409	-0.00191
873.62225	0.00251
873.86041	-0.000511215
874.09863	0.000432138
874.33679	-0.000467318
874.57501	0.00218
874.81323	-0.00249
875.05145	0.000589443
875.28967	-0.00145
875.52789	0.00208
875.76611	-0.00103
876.00439	0.00155
876.24261	5.82028E-05
876.4809	0.00039495
876.71918	-0.0015
876.95746	0.00101
877.19574	-0.00248
877.43402	0.00194
877.6723	-0.00111
877.91064	0.00134
878.14893	-0.00181
878.38727	0.00178
878.62561	-0.00132
878.86395	0.00122
879.10229	-0.00183
879.34064	0.00244
879.57898	-0.00119
879.81738	0.000402411
880.05573	-0.00073045
880.29413	0.000616861
880.53253	-0.000330358
880.77094	-0.000176431
881.00934	-0.000501924
881.24774	0.00197
881.48614	-0.00223
881.72461	0.00256
881.96301	-0.00116
882.20148	0.00117
882.43994	-0.000107218
882.67841	0.00152
882.91687	-0.00239
883.15533	0.00188
883.39386	-0.00225
883.63232	0.000656713
883.87085	-0.00184
884.10931	0.00234
884.34784	-0.00146
884.58636	-0.000146785
884.82489	-0.00132
885.06342	0.000706764
885.302	-0.00144
885.54053	-0.000240187
885.77911	-0.00201
886.0177	0.00212
886.25623	-0.00107
886.49481	-0.000455
886.7334	-0.00223
886.97205	0.0021
887.21063	-0.00205
887.44922	0.000383908
887.68787	-0.00244
887.92651	0.00288
888.16516	-0.000703197
888.40381	0.000519648
888.64246	-4.49951E-05
888.8811	-3.83629E-05
889.11975	-0.00255
889.35846	0.00142
889.59711	-0.0013
889.83582	0.00173
890.07452	-1.98951E-05
890.31323	-0.000720271
890.55194	-0.00114
890.79065	0.00144
891.02936	-0.00208
891.26813	0.00142
891.50684	-0.00343
891.74561	0.00286
891.98438	-0.00206
892.22314	0.00129
892.46191	-0.00167
892.70068	0.00261
892.93951	-0.00245
893.17828	0.000717288
893.41711	-0.00221
893.65588	0.00305
893.89471	-0.00178
894.13354	0.00101
894.37238	-0.000771129
894.61121	0.00287
894.8501	-0.00313
895.08893	-0.001
895.32782	-0.00155
895.56665	0.000548201
895.80554	-0.00147
896.04443	0.00273
896.28333	-0.00301
896.52222	0.000922581
896.76117	-0.00171
897.00006	0.00164
897.23901	-0.0035
897.47791	-0.000293012
897.71686	-0.00263
897.95581	0.00115
898.19476	-0.00241
898.43372	0.00112
898.67273	-0.00129
898.91168	0.00138
899.15063	-0.0016
899.38965	0.000735632
899.62866	-0.0024
899.86768	9.53976E-05
900.10669	-0.00234
900.3457	0.00233
900.58472	-1.79311E-05
900.82379	0.00219
901.06281	-0.00104
901.30188	0.000779757
901.54095	0.00021107
901.78003	0.000300295
902.0191	-0.00118
902.25818	0.00133
902.49725	-0.00188
902.73633	0.00135
902.97546	-0.002
903.2146	0.00133
903.45367	-0.000881154
903.69281	0.00134
903.93195	-0.00224
904.17108	0.000870337
904.41028	-0.00205
904.64941	0.00208
904.88855	-0.0022
905.12775	0.00172
905.36694	-0.00171
905.60614	0.00111
905.84534	-0.00308
906.08453	0.00139
906.32373	-0.00185
906.56293	0.00084481
906.80219	-0.00305
907.04138	0.00197
907.28064	-0.00272
907.5199	0.00108
907.75916	-0.00333
907.99841	0.00062822
908.23767	-0.000751633
908.47693	0.00253
908.71625	-0.00282
908.95551	0.000984439
909.19482	-0.00104
909.43414	0.00176
909.67346	-0.00289
909.91278	0.00191
910.1521	-0.00133
910.39142	0.00322
910.6308	-0.00403
910.87012	0.00222
911.1095	-0.00345
911.34888	0.00325
911.58826	-0.000921115
911.82764	0.000798695
912.06702	-0.00236
912.3064	0.00137
912.54578	-0.00151
912.78522	0.000914575
913.02466	-0.00261
913.26404	0.000694862
913.50348	-0.00209
913.74292	0.000732197
913.98236	-0.00387
914.22186	-0.000227567
914.4613	-0.00418
914.70074	0.00341
914.94025	-0.00188
915.17975	0.0026
915.41925	-0.000614633
915.65875	0.00131
915.89825	-0.00306
916.13776	0.000625184
916.37726	-0.00207
916.61682	0.002
916.85632	-0.00359
917.09589	0.0021
917.33545	-0.0033
917.57501	0.00212
917.81458	-0.00112
918.05414	0.00201
918.2937	-0.00169
918.53326	0.00224
918.77289	-0.00321
919.01251	0.00282
919.25208	-0.00266
919.4917	0.00319
919.73132	-0.00305
919.97095	0.00207
920.21063	-0.003
920.45026	0.00186
920.68994	-0.0024
920.92957	0.00357
921.16925	-0.00218
921.40894	0.00219
921.64862	-0.00389
921.88831	0.00144
922.12799	-0.00385
922.36768	-5.58516E-05
922.60742	-0.00261
922.84711	0.00154
923.08685	-0.00271
923.3266	-0.000555168
923.56635	-0.0027
923.80609	0.00142
924.04584	-0.00115
924.28558	-0.000204991
924.52539	-0.00398
924.76514	0.00302
925.00494	-0.00329
925.24475	0.00182
925.48456	-0.00196
925.72437	0.000426047
925.96417	-0.00447
926.20398	0.0016
926.44379	-0.00295
926.68365	0.00311
926.92346	-0.00343
927.16333	0.00284
927.4032	-0.00324
927.64307	0.00194
927.88293	-0.0031
928.1228	0.000593957
928.36273	-0.000191075
928.6026	0.00283
928.84253	-0.00401
929.0824	0.00359
929.32233	-0.00398
929.56226	-0.000294978
929.80219	-0.00094569
930.04211	0.00405
930.28204	-0.0023
930.52203	0.00346
930.76196	-0.00436
931.00195	0.000790556
931.24194	-0.00314
931.48193	0.00123
931.72192	-0.00371
931.96191	-0.000695856
932.2019	0.00681
932.44189	-0.00612
932.68195	0.00329
932.92194	-0.000977817
933.16199	0.00113
933.40204	-0.00544
933.64209	0.00323
933.88214	-0.00575
934.12219	0.0044
934.36224	-0.00375
934.60236	0.00133
934.84241	-0.00234
935.08252	0.00297
935.32257	-0.0091
935.56268	0.00392
935.8028	-0.00323
936.04291	0.00159
936.28308	-0.00344
936.52319	0.00578
936.76331	-0.00418
937.00348	0.00064378
937.24365	-0.00254
937.48383	-0.00123
937.724	-0.00376
937.96417	0.00144
938.20435	-0.00493
938.44452	0.000339424
938.68469	-0.000156268
938.92493	0.0026
939.16516	-0.004
939.40533	-0.000337593
939.64557	-0.00618
939.8858	0.00256
940.12604	-0.0025
940.36633	0.00279
940.60657	-0.00534
940.8468	0.00237
941.0871	-0.00468
941.32739	0.000628765
941.56763	-0.00523
941.80792	0.00399
942.04822	0.000535763
942.28857	0.00374
942.52887	-0.00417
942.76917	-0.000581609
943.00952	-0.00365
943.24982	0.0046
943.49017	-0.0019
943.73053	0.00115
943.97089	-0.00169
944.21124	0.00262
944.4516	-0.00112
944.69202	0.00348
944.93237	-0.00206
945.17279	0.00178
945.41315	-0.00317
945.65356	0.0045
945.89398	-0.00214
946.1344	0.00211
946.37482	-0.00336
946.6153	0.00358
946.85571	-0.00616
947.09613	0.00281
947.33661	-0.00108
947.57709	0.0066
947.81757	-0.0036
948.05804	0.00203
948.29852	-0.00382
948.539	0.00237
948.77948	-0.00154
949.02002	0.00695
949.2605	-0.00319
949.50104	0.00392
949.74158	-0.00252
949.98206	0.00201
950.2226	-0.00403
950.4632	0.00239
950.70374	-0.0057
950.94427	0.00192
951.18488	-0.003
951.42542	0.0033
951.66602	-0.00547
951.90662	0.00378
952.14722	-0.00604
952.38782	0.00167
952.62842	-0.00451
952.86902	0.00196
953.10968	-0.000815753
953.35028	0.00224
953.59094	-0.00134
953.83154	0.00363
954.0722	-0.0037
954.31287	0.00136
954.55353	-0.00298
954.79425	0.0047
955.03491	-0.00615
955.27557	0.00338
955.5163	-0.0053
955.75702	0.00281
955.99768	-0.00342
956.2384	0.00543
956.47913	-0.00191
956.71985	0.00041766
956.96063	-0.00598
957.20136	0.00512
957.44208	-0.00361
957.68286	0.00359
957.92364	-0.00268
958.16437	-0.00202
958.40515	-0.00358
958.64594	0.00352
958.88678	-0.00328
959.12756	0.00113
959.36835	-0.00509
959.60919	0.00269
959.84998	-0.00292
960.09082	-0.000597258
960.33167	-0.00244
960.57251	0.00332
960.81335	-0.00424
961.0542	0.00249
961.29504	-0.00404
961.53595	0.00265
961.77679	-0.00375
962.0177	0.00231
962.25861	-0.00545
962.49951	0.00363
962.74042	-0.000171088
962.98132	0.00358
963.22223	-0.00399
963.46313	0.00213
963.7041	-0.00223
963.94501	0.0045
964.18597	-0.00474
964.42694	0.00335
964.66791	-0.00354
964.90887	0.000953008
965.14984	-0.00136
965.39081	0.00248
965.63177	-0.00324
965.8728	0.00119
966.11377	-0.00357
966.3548	0.00038001
966.59583	-0.00519
966.83685	0.00245
967.07788	-0.00729
967.31891	0.00217
967.55994	-0.00846
967.80103	0.00636
968.04205	-0.00733
968.28314	0.00339
968.52423	-0.00217
968.76526	0.0049
969.00635	-0.00535
969.24744	0.00538
969.48859	-0.00232
969.72968	0.00431
969.97076	-0.00531
970.21191	0.00245
970.453	-0.000621076
970.69415	0.00228
970.9353	-0.00519
971.17645	0.00426
971.4176	-0.00313
971.65875	0.00231
971.8999	-0.00454
972.14111	0.00642
972.38226	-0.0065
972.62347	7.31842E-05
972.86469	-0.0045
973.1059	0.00154
973.34711	-0.00788
973.58832	0.0053
973.82953	-0.00587
974.07074	0.00156
974.31201	-0.00516
974.55322	0.00342
974.79449	-0.00491
975.03577	0.00435
975.27698	-0.00297
975.51825	0.00327
975.75958	-0.00795
976.00085	0.00642
976.24213	-0.00321
976.48346	0.006
976.72473	-0.00424
976.96606	0.00372
977.2074	0.00084647
977.44867	0.00488
977.69	-0.00557
977.9314	0.00039868
978.17273	-0.000996821
978.41406	0.00508
978.65546	-0.00744
978.89679	0.000388445
979.13818	-0.00725
979.37958	-0.000272827
979.62091	-0.00358
979.8623	0.00616
980.10376	-0.00594
980.34515	0.00611
980.58655	-0.00568
980.828	0.00184
981.0694	-0.00655
981.31085	0.00485
981.55231	-0.00529
981.7937	0.00217
982.03516	-0.00402
982.27667	0.00233
982.51813	-0.00898
982.75958	0.00607
983.0011	-0.00342
983.24255	0.00018642
983.48407	-0.00346
983.72559	0.00356
983.9671	-0.0072
984.20862	0.0022
984.45013	-0.00536
984.69165	0.00848
984.93317	-0.0073
985.17474	0.00276
985.41626	-0.00713
985.65784	0.00141
985.89941	-0.00898
986.14099	0.00558
986.38257	-0.00549
986.62415	0.00694
986.86572	-0.01033
