260.61719	1.23147E-05
260.82406	0
261.03094	7.72215E-06
261.23784	0
261.44476	9.62968E-06
261.65169	0
261.85864	1.23147E-05
262.06561	0
262.2726	0
262.47961	0
262.68663	4.5552E-06
262.89367	0
263.10073	7.72215E-06
263.30781	0
263.5149	4.5552E-06
263.72201	0
263.92914	4.5552E-06
264.13629	0
264.34345	0
264.55063	0
264.75783	0
264.96505	0
265.17228	0
265.37953	0
265.5868	0
265.79409	0
266.00139	0
266.20871	0
266.41605	0
266.62341	0
266.83078	0
267.03817	0
267.24558	0
267.45301	0
267.66045	0
267.86791	5.07448E-06
268.07539	0
268.28289	0
268.4904	0
268.69793	7.72215E-06
268.90548	0
269.11305	4.99648E-06
269.32063	0
269.52823	9.62968E-06
269.73585	0
269.94349	1.23147E-05
270.15114	0
270.35881	7.34865E-06
270.5665	0
270.77421	1.23147E-05
270.98193	0
271.18967	1.23147E-05
271.39743	0
271.60521	1.23147E-05
271.813	0
272.02081	9.62968E-06
272.22864	0
272.43648	9.62968E-06
272.64434	0
272.85222	1.23147E-05
273.06012	0
273.26804	7.24019E-06
273.47597	0
273.68392	2.27417E-06
273.89188	0
274.09987	7.31819E-06
274.30787	0
274.51589	2.27417E-06
274.72392	0
274.93198	2.28103E-06
275.14005	0
275.34814	2.31149E-06
275.55624	0
275.76437	2.28103E-06
275.97251	0
276.18066	0
276.38884	0
276.59703	0
276.80524	0
277.01347	0
277.22171	0
277.42997	0
277.63825	0
277.84655	0
278.05486	0
278.26319	0
278.47154	0
278.6799	0
278.88829	4.96602E-06
279.09669	0
279.3051	6.86669E-06
279.51354	0
279.72199	4.96602E-06
279.93046	0
280.13894	7.2775E-06
280.34745	0
280.55597	7.24019E-06
280.7645	0
280.97306	9.62968E-06
281.18163	0
281.39022	1.23147E-05
281.59883	0
281.80745	1.23147E-05
282.01609	0
282.22475	1.23147E-05
282.43342	0
282.64212	9.55168E-06
282.85083	0
283.05955	1.23147E-05
283.2683	0
283.47706	1.23147E-05
283.68584	0
283.89463	7.24019E-06
284.10345	0
284.31228	9.62968E-06
284.52112	0
284.72999	7.27065E-06
284.93887	0
285.14777	7.2775E-06
285.35668	0
285.56562	6.86669E-06
285.77457	0
285.98353	5.04402E-06
286.19252	0
286.40152	4.59252E-06
286.61054	0
286.81957	2.28103E-06
287.02863	0
287.2377	0
287.44678	0
287.65589	0
287.86501	0
288.07415	0
288.2833	0
288.49248	0
288.70167	0
288.91087	2.27417E-06
289.1201	2.27417E-06
289.32934	0
289.53859	2.28103E-06
289.74787	0
289.95716	0
290.16647	0
290.3758	0
290.58514	0
290.7945	5.07448E-06
291.00388	0
291.21327	1.00405E-05
291.42268	0
291.63211	4.59252E-06
291.84156	0
292.05102	9.62968E-06
292.2605	0
292.47	1.23147E-05
292.67951	0
292.88904	1.23147E-05
293.09859	0
293.30815	1.00405E-05
293.51773	0
293.72733	1.23147E-05
293.93695	0
294.14658	9.55168E-06
294.35623	0
294.56589	1.23147E-05
294.77558	0
294.98528	1.23147E-05
295.195	0
295.40473	6.86669E-06
295.61448	0
295.82425	1.23147E-05
296.03403	0
296.24384	1.23147E-05
296.45366	0
296.66349	1.23147E-05
296.87334	0
297.08321	1.23147E-05
297.2931	0
297.503	6.86669E-06
297.71292	0
297.92286	9.62968E-06
298.13282	0
298.34279	1.23147E-05
298.55277	0
298.76278	7.34865E-06
298.9728	0
299.18284	5.03716E-06
299.3929	0
299.60297	7.31819E-06
299.81306	0
300.02316	7.72901E-06
300.23329	0
300.44343	5.04402E-06
300.65358	0
300.86376	9.55168E-06
301.07395	0
301.28416	1.00405E-05
301.49438	0
301.70462	4.99648E-06
301.91488	0
302.12515	2.76299E-06
302.33544	5.03716E-06
302.54575	7.34865E-06
302.75608	0
302.96642	5.07448E-06
303.17678	0
303.38715	0
303.59755	2.76299E-06
303.80796	2.76299E-06
304.01838	2.31149E-06
304.22882	0
304.43928	4.59252E-06
304.64976	0
304.86025	0
305.07076	0
305.28129	5.03716E-06
305.49183	2.76299E-06
305.70239	1.00405E-05
305.91297	0
306.12356	9.55168E-06
306.33417	0
306.5448	1.00032E-05
306.75545	0
306.96611	1.23147E-05
307.17678	0
307.38748	1.00405E-05
307.59819	0
307.80892	1.23147E-05
308.01966	0
308.23042	1.23147E-05
308.4412	0
308.65199	1.00405E-05
308.8628	0
309.07363	9.62968E-06
309.28448	0
309.49534	1.23147E-05
309.70622	0
309.91711	1.23147E-05
310.12802	0
310.33895	1.23147E-05
310.54989	0
310.76085	1.23147E-05
310.97183	0
311.18283	1.23147E-05
311.39384	0
311.60487	1.23147E-05
311.81591	0
312.02697	1.23147E-05
312.23805	0
312.44914	1.23147E-05
312.66025	0
312.87138	9.62968E-06
313.08253	0
313.29369	1.23147E-05
313.50486	0
313.71606	9.62968E-06
313.92727	0
314.1385	1.23147E-05
314.34974	0
314.561	1.23147E-05
314.77228	0
314.98357	1.23147E-05
315.19488	0
315.40621	7.35551E-06
315.61755	0
315.82891	1.23147E-05
316.04029	0
316.25168	2.31149E-06
316.46309	0
316.67452	7.35551E-06
316.88596	0
317.09742	4.59252E-06
317.3089	0
317.52039	6.86669E-06
317.7319	0
317.94342	2.27417E-06
318.15496	0
318.36652	0
318.5781	0
318.78969	4.5552E-06
319.0013	0
319.21292	2.28103E-06
319.42456	2.28103E-06
319.63622	0
319.84789	4.5552E-06
320.05958	2.27417E-06
320.27129	7.34865E-06
320.48302	7.35551E-06
320.69476	9.62968E-06
320.90651	2.28103E-06
321.11828	4.5552E-06
321.33007	0
321.54188	7.31819E-06
321.7537	0
321.96554	5.03716E-06
322.1774	0
322.38927	1.23147E-05
322.60116	0
322.81306	7.75947E-06
323.02498	0
323.23692	9.62968E-06
323.44887	0
323.66084	9.62968E-06
323.87283	0
324.08483	9.55168E-06
324.29685	0
324.50889	1.23147E-05
324.72094	0
324.93301	9.62968E-06
325.14509	0
325.35719	1.23147E-05
325.56931	0
325.78145	1.23147E-05
325.9936	0
326.20576	1.23147E-05
326.41795	0
326.63015	1.00032E-05
326.84236	0
327.0546	9.55168E-06
327.26684	0
327.47911	1.23147E-05
327.69139	0
327.90369	1.23147E-05
328.116	0
328.32833	1.23147E-05
328.54068	0
328.75304	1.23147E-05
328.96542	0
329.17782	1.23147E-05
329.39023	0
329.60266	1.23147E-05
329.8151	0
330.02756	1.23147E-05
330.24004	0
330.45253	9.62968E-06
330.66504	0
330.87757	1.23147E-05
331.09011	0
331.30267	9.62968E-06
331.51525	0
331.72784	1.23147E-05
331.94045	0
332.15307	1.23147E-05
332.36571	0
332.57837	1.23147E-05
332.79104	0
333.00373	1.23147E-05
333.21643	0
333.42915	1.23147E-05
333.64189	0
333.85464	1.23147E-05
334.06741	0
334.2802	9.62968E-06
334.493	0
334.70582	9.62968E-06
334.91866	0
335.13151	1.23147E-05
335.34437	0
335.55726	9.62968E-06
335.77016	0
335.98307	7.24019E-06
336.196	2.27417E-06
336.40895	9.55168E-06
336.62192	0
336.8349	6.86669E-06
337.04789	0
337.26091	7.31819E-06
337.47394	2.27417E-06
337.68698	9.62968E-06
337.90004	2.28103E-06
338.11312	9.62968E-06
338.32621	5.04402E-06
338.53932	9.62968E-06
338.75245	9.62968E-06
338.96559	9.62968E-06
339.17875	4.59252E-06
339.39192	7.34865E-06
339.60511	1.23147E-05
339.81832	4.5552E-06
340.03154	6.86669E-06
340.24478	6.86669E-06
340.45804	4.5552E-06
340.67131	4.5552E-06
340.88459	7.31819E-06
341.0979	2.31149E-06
341.31122	9.62968E-06
341.52455	2.28103E-06
341.7379	7.24019E-06
341.95127	0
342.16465	1.23147E-05
342.37805	0
342.59147	9.62968E-06
342.8049	2.27417E-06
343.01835	6.86669E-06
343.23181	0
343.44529	1.23147E-05
343.65879	0
343.8723	1.23147E-05
344.08583	0
344.29937	9.55168E-06
344.51293	0
344.72651	1.23147E-05
344.9401	0
345.15371	1.23147E-05
345.36733	2.27417E-06
345.58097	1.23147E-05
345.79463	0
346.0083	9.62968E-06
346.22199	0
346.43569	1.23147E-05
346.64941	0
346.86315	1.23147E-05
347.0769	0
347.29067	1.23147E-05
347.50446	0
347.71826	1.23147E-05
347.93207	0
348.1459	1.23147E-05
348.35975	2.31149E-06
348.57362	1.23147E-05
348.78749	0
349.00139	1.23147E-05
349.2153	0
349.42923	1.23147E-05
349.64317	0
349.85713	1.23147E-05
350.07111	0
350.2851	1.23147E-05
350.49911	0
350.71313	1.23147E-05
350.92717	0
351.14122	9.62968E-06
351.3553	0
351.56938	1.23147E-05
351.78349	0
351.9976	1.23147E-05
352.21174	0
352.42589	1.23147E-05
352.64005	0
352.85424	1.23147E-05
353.06844	0
353.28265	1.23147E-05
353.49688	0
353.71112	1.23147E-05
353.92539	0
354.13966	1.23147E-05
354.35396	0
354.56827	1.23147E-05
354.78259	0
354.99693	1.23147E-05
355.21129	0
355.42566	1.23147E-05
355.64005	4.5552E-06
355.85445	1.23147E-05
356.06887	2.28103E-06
356.28331	1.23147E-05
356.49776	0
356.71223	1.23147E-05
356.92671	0
357.14121	1.23147E-05
357.35572	0
357.57025	1.23147E-05
357.7848	0
357.99936	1.23147E-05
358.21394	0
358.42853	1.23147E-05
358.64314	0
358.85777	1.23147E-05
359.07241	0
359.28706	9.55168E-06
359.50173	0
359.71642	1.23147E-05
359.93113	0
360.14585	1.23147E-05
360.36058	0
360.57533	1.23147E-05
360.7901	0
361.00488	1.00032E-05
361.21968	0
361.43449	1.23147E-05
361.64932	2.28103E-06
361.86417	6.86669E-06
362.07903	0
362.29391	1.23147E-05
362.5088	2.31149E-06
362.72371	1.23147E-05
362.93863	4.59252E-06
363.15357	1.23147E-05
363.36852	7.31819E-06
363.58349	1.23147E-05
363.79848	7.24019E-06
364.01348	9.55168E-06
364.2285	2.28103E-06
364.44353	1.23147E-05
364.65858	7.2775E-06
364.87365	9.62968E-06
365.08873	6.86669E-06
365.30382	9.62968E-06
365.51894	4.59252E-06
365.73406	9.55168E-06
365.94921	4.59252E-06
366.16436	9.62968E-06
366.37954	2.28103E-06
366.59473	7.35551E-06
366.80993	4.59252E-06
367.02515	9.55168E-06
367.24039	4.59252E-06
367.45564	1.00405E-05
367.67091	7.34865E-06
367.88619	9.62968E-06
368.10149	7.72901E-06
368.31681	1.23147E-05
368.53214	1.23147E-05
368.74748	1.23147E-05
368.96285	6.86669E-06
369.17822	9.62968E-06
369.39361	6.86669E-06
369.60902	9.62968E-06
369.82445	9.62968E-06
370.03989	5.04402E-06
370.25534	7.35551E-06
370.47081	7.35551E-06
370.6863	9.55168E-06
370.9018	7.24019E-06
371.11731	1.23147E-05
371.33285	2.76299E-06
371.54839	1.00032E-05
371.76396	4.5552E-06
371.97954	1.23147E-05
372.19513	7.31819E-06
372.41074	1.23147E-05
372.62637	5.04402E-06
372.84201	1.23147E-05
373.05766	2.28103E-06
373.27334	1.23147E-05
373.48902	1.23147E-05
373.70473	1.23147E-05
373.92044	4.5552E-06
374.13618	1.23147E-05
374.35193	9.55168E-06
374.56769	1.23147E-05
374.78347	2.27417E-06
374.99927	1.23147E-05
375.21508	4.5552E-06
375.43091	9.55168E-06
375.64675	4.59252E-06
375.86261	1.23147E-05
376.07848	2.28103E-06
376.29437	1.23147E-05
376.51027	0
376.72619	1.23147E-05
376.94213	2.28103E-06
377.15808	9.55168E-06
377.37404	2.27417E-06
377.59002	1.23147E-05
377.80602	2.28103E-06
378.02203	1.23147E-05
378.23806	2.27417E-06
378.4541	1.23147E-05
378.67016	0
378.88623	9.62968E-06
379.10232	5.03716E-06
379.31842	1.23147E-05
379.53454	4.59252E-06
379.75068	1.23147E-05
379.96683	2.28103E-06
380.183	1.23147E-05
380.39918	4.5552E-06
380.61537	1.23147E-05
380.83158	0
381.04781	1.23147E-05
381.26405	2.27417E-06
381.48031	1.23147E-05
381.69659	0
381.91287	1.23147E-05
382.12918	0
382.3455	1.23147E-05
382.56183	0
382.77818	1.23147E-05
382.99455	0
383.21093	1.23147E-05
383.42732	0
383.64373	1.23147E-05
383.86016	2.68499E-06
384.0766	0.000190584
384.29306	0.002070331
384.50953	0.006288438
384.72602	0.002034796
384.94252	0.007655173
385.15904	0.002442312
385.37557	0.006177329
385.59212	0.00263974
385.80868	0.006375654
386.02526	0.002386224
386.24186	0.006299624
386.45847	0.001661279
386.67509	0.00611719
386.89173	0.001896172
387.10839	0.005506817
387.32506	0.002075217
387.54174	0.00529391
387.75844	0.001572656
387.97516	0.00540603
388.19189	0.001403929
388.40864	0.004979084
388.6254	0.00162313
388.84218	0.005508845
389.05897	0.001274313
389.27578	0.00529825
389.4926	0.001833654
389.70944	0.005532569
389.92629	0.000981274
390.14316	0.005288147
390.36004	0.001027215
390.57694	0.005055102
390.79385	0.001298463
391.01078	0.005312227
391.22773	0.001665528
391.44469	0.00443032
391.66166	0.001097644
391.87865	0.004392042
392.09566	0.000598742
392.31268	0.004698906
392.52971	0.00070518
392.74676	0.004262578
392.96383	0.000925526
393.18091	0.004737265
393.398	0.001266368
393.61511	0.003855131
393.83224	0.000577186
394.04938	0.004325344
394.26653	0.000801316
394.48371	0.003695956
394.70089	0.00060377
394.91809	0.003753014
395.13531	0.000920739
395.35254	0.003810646
395.56979	0.001232004
395.78705	0.003974983
396.00433	0.001109882
396.22162	0.004148169
396.43892	0.00105399
396.65625	0.004150854
396.87358	0.000968808
397.09094	0.003958182
397.3083	0.000647054
397.52568	0.003540051
397.74308	0.000978524
397.96049	0.003801244
398.17792	0.000892787
398.39536	0.003620633
398.61282	0.00074947
398.83029	0.003661044
399.04778	0.000934022
399.26528	0.004046642
399.4828	0.000731874
399.70033	0.003874355
399.91788	0.001017058
400.13544	0.004609689
400.35302	0.000845948
400.57061	0.004743249
400.78822	0.001154128
401.00584	0.004237172
401.22348	0.00042963
401.44113	0.003930718
401.6588	0.001253
401.87648	0.003930821
402.09418	0.001276532
402.31189	0.004616771
402.52962	0.0014889
402.74736	0.00421048
402.96512	0.001357114
403.18289	0.004188201
403.40067	0.001207726
403.61848	0.004193729
403.83629	0.000953075
404.05412	0.004114764
404.27197	0.001091443
404.48983	0.004073254
404.70771	0.001026373
404.9256	0.004148942
405.14351	0.00140934
405.36143	0.004162116
405.57936	0.0009779
405.79731	0.003989147
406.01528	0.001651913
406.23326	0.003999553
406.45126	0.001575963
406.66927	0.004148361
406.88729	0.001717766
407.10533	0.004059745
407.32339	0.001321242
407.54146	0.001002273
407.75954	0.003560245
407.97764	0.001113576
408.19576	0.00351816
408.41389	0.000761087
408.63203	0.00316863
408.85019	0.001113014
409.06836	0.003557708
409.28655	0.001301481
409.50476	0.003452709
409.72297	0.001170679
409.94121	0.003335808
410.15946	0.001375784
410.37772	0.003170863
410.596	0.001572023
410.81429	0.003424742
411.0326	0.001242446
411.25092	0.002866505
411.46925	0.001045121
411.68761	0.002999844
411.90597	0.001306124
412.12435	0.00299176
412.34275	0.001217257
412.56116	0.002815584
412.77959	0.001074576
412.99803	0.002670501
413.21648	0.001137417
413.43495	0.002804219
413.65344	0.00082259
413.87193	0.002507036
414.09045	0.001506313
414.30898	0.002831997
414.52752	0.000895537
414.74608	0.002737024
414.96465	0.00098531
415.18324	0.002554354
415.40184	0.001328236
415.62046	0.00276129
415.83909	0.001036676
416.05774	0.002734373
416.2764	0.001031619
416.49508	0.002486845
416.71377	0.00113669
416.93247	0.00276085
417.15119	0.001342642
417.36993	0.002703132
417.58868	0.001063065
417.80744	0.002462638
418.02622	0.000940464
418.24501	0.002129088
418.46382	0.000873388
418.68264	0.002449727
418.90148	0.001277821
419.12033	0.002246287
419.3392	0.00096127
419.55808	0.002576093
419.77698	0.001141479
419.99589	0.00260297
420.21481	0.000885419
420.43375	0.002243037
420.65271	0.001139104
420.87167	0.002522893
421.09066	0.001157707
421.30966	0.002552869
421.52867	0.001172589
421.7477	0.002430211
421.96674	0.000948515
422.1858	0.002692716
422.40487	0.001457033
422.62395	0.002292743
422.84305	0.001273503
423.06217	0.002584642
423.2813	0.00089102
423.50044	0.002419493
423.7196	0.001130066
423.93878	0.002499411
424.15796	0.001133235
424.37717	0.002337071
424.59638	0.000998502
424.81561	0.00230934
425.03486	0.001234931
425.25412	0.002770064
425.4734	0.001036741
425.69269	0.002852255
425.91199	0.001194808
426.13131	0.002413863
426.35064	0.001145165
426.56999	0.0025614
426.78935	0.0016199
427.00873	0.002596398
427.22812	0.00088615
427.44753	0.002641613
427.66695	0.001084783
427.88638	0.002709412
428.10583	0.001066889
428.3253	0.002630841
428.54477	0.001070083
428.76427	0.002775631
428.98377	0.001192886
429.2033	0.002780619
429.42283	0.001413438
429.64238	0.00257307
429.86195	0.001006269
430.08153	0.002914453
430.30112	0.001288872
430.52073	0.003019739
430.74035	0.001412302
430.95999	0.003064119
431.17964	0.00089054
431.39931	0.002678582
431.61899	0.001111635
431.83868	0.002630645
432.05839	0.00105361
432.27812	0.002690236
432.49785	0.001075478
432.71761	0.002693557
432.93737	0.001289807
433.15716	0.002763022
433.37695	0.001072405
433.59676	0.002978514
433.81659	0.001334632
434.03643	0.002579836
434.25628	0.001133348
434.47615	0.002222819
434.69603	0.000942211
434.91593	0.00254396
435.13584	0.001169038
435.35576	0.002788084
435.5757	0.001040431
435.79565	0.002266383
436.01562	0.000840071
436.23561	0.002766706
436.4556	0.001236551
436.67561	0.002687832
436.89564	0.001366004
437.11568	0.0026085
437.33573	0.001369651
437.5558	0.002569423
437.77589	0.000898187
437.99598	0.002257125
438.21609	0.001004896
438.43622	0.002621946
438.65636	0.001178076
438.87651	0.002260306
439.09668	0.000913626
439.31687	0.002235505
439.53706	0.000969864
439.75727	0.002198431
439.9775	0.001009951
440.19774	0.002461439
440.41799	0.001011847
440.63826	0.002291164
440.85855	0.000776272
441.07884	0.002399261
441.29915	0.00082895
441.51948	0.002173661
441.73982	0.000989061
441.96017	0.002108665
442.18054	0.000876176
442.40092	0.002080177
442.62132	0.00096243
442.84173	0.002140137
443.06216	0.00084096
443.2826	0.00224788
443.50305	0.000847656
443.72352	0.00240297
443.944	0.000835262
444.1645	0.002131842
444.38501	0.000888488
444.60553	0.001996101
444.82607	0.000747184
445.04662	0.002256133
445.26719	0.000761846
445.48777	0.002131442
445.70837	0.000769581
445.92898	0.002054654
446.1496	0.00091552
446.37024	0.002256552
446.59089	0.000826751
446.81156	0.002273562
447.03224	0.00088517
447.25293	0.002191986
447.47364	0.00092166
447.69436	0.002163939
447.9151	0.000908933
448.13585	0.002438042
448.35662	0.001165433
448.5774	0.002415947
448.79819	0.00093567
449.019	0.002383615
449.23982	0.001223095
449.46065	0.002479513
449.6815	0.000979582
449.90237	0.002343221
450.12325	0.001049106
450.34414	0.002514308
450.56504	0.001005918
450.78597	0.002723492
451.0069	0.001038876
451.22785	0.002705621
451.44881	0.001358487
451.66979	0.002725565
451.89078	0.00114545
452.11178	0.00271978
452.3328	0.001067804
452.55383	0.002542402
452.77488	0.001434917
452.99594	0.002948881
453.21702	0.001475359
453.43811	0.003023771
453.65921	0.001387198
453.88032	0.00303667
454.10146	0.001484363
454.3226	0.003152367
454.54376	0.00149932
454.76493	0.003190342
454.98612	0.001409793
455.20732	0.003301441
455.42854	0.001402778
455.64976	0.003291012
455.87101	0.00153528
456.09226	0.003801595
456.31354	0.001705305
456.53482	0.003918135
456.75612	0.001817498
456.97743	0.003676245
457.19876	0.002080281
457.4201	0.003861697
457.64145	0.002061402
457.86282	0.004305607
458.08421	0.001824387
458.3056	0.004211136
458.52701	0.002209263
458.74844	0.004410157
458.96988	0.002503553
459.19133	0.004435264
459.41279	0.002689169
459.63427	0.004583186
459.85577	0.002721912
460.07728	0.004833043
460.2988	0.002982168
460.52033	0.004957829
460.74188	0.002887201
460.96345	0.005220828
461.18502	0.003297336
461.40662	0.00506555
461.62822	0.003180847
461.84984	0.005398829
462.07147	0.003675039
462.29312	0.005499325
462.51478	0.003663496
462.73645	0.005863681
462.95814	0.003800817
463.17984	0.006194909
463.40156	0.004183958
463.62329	0.006428272
463.84503	0.006717812
464.06679	0.004871229
464.28856	0.007110801
464.51035	0.005143828
464.73215	0.007409079
464.95396	0.005364717
465.17579	0.007195202
465.39763	0.005649306
465.61948	0.007444917
465.84135	0.006163153
466.06323	0.008171855
466.28513	0.006462811
466.50704	0.008053749
466.72896	0.006640173
466.9509	0.008481703
467.17285	0.006875056
467.39481	0.008532405
467.61679	0.007646086
467.83878	0.00910697
468.06079	0.007845474
468.28281	0.009837824
468.50484	0.008619604
468.72689	0.010661718
468.94895	0.00919434
469.17103	0.010662398
469.39312	0.00923861
469.61522	0.010789533
469.83733	0.009802663
470.05946	0.011895922
470.28161	0.010679273
470.50376	0.012249564
470.72594	0.011182088
470.94812	0.012768004
471.17032	0.011589842
471.39253	0.013159775
471.61476	0.012226905
471.837	0.013670321
472.05925	0.013101472
472.28152	0.014618468
472.5038	0.013835908
472.72609	0.015452735
472.9484	0.015092671
473.17072	0.016410511
473.39305	0.015865047
473.6154	0.017530109
473.83777	0.017136013
474.06014	0.018389308
474.28253	0.017992154
474.50494	0.019879418
474.72735	0.019122304
474.94978	0.020599373
475.17223	0.020358026
475.39469	0.021427589
475.61716	0.02133531
475.83964	0.02273803
476.06214	0.02251707
476.28465	0.024001811
476.50718	0.023729678
476.72972	0.02512455
476.95227	0.025065457
477.17484	0.026513292
477.39742	0.02681757
477.62001	0.028132422
477.84262	0.02809058
478.06524	0.029599398
478.28788	0.030173797
478.51053	0.031895645
478.73319	0.031987921
478.95586	0.033801492
479.17855	0.034053386
479.40126	0.035653532
479.62397	0.035987565
479.8467	0.037558131
480.06945	0.038193247
480.2922	0.039787255
480.51497	0.040278397
480.73776	0.041973684
480.96056	0.042692951
481.18337	0.044117381
481.40619	0.044580899
481.62903	0.04570945
481.85188	0.046464661
482.07475	0.048073556
482.29763	0.04910276
482.52052	0.050746064
482.74342	0.051598634
482.96634	0.053108579
483.18928	0.054105576
483.41222	0.055669853
483.63518	0.056858649
483.85815	0.058444288
484.08114	0.059545626
484.30414	0.061455805
484.52715	0.062664259
484.75018	0.064229226
484.97322	0.065633536
485.19628	0.067409301
485.41934	0.068904307
485.64242	0.070530578
485.86552	0.071737059
486.08863	0.073467385
486.31175	0.074995788
486.53488	0.07661651
486.75803	0.078016806
486.98119	0.079950183
487.20437	0.081393781
487.42756	0.082971118
487.65076	0.084627594
487.87397	0.086340655
488.0972	0.087765756
488.32044	0.089430893
488.5437	0.091268469
488.76697	0.093098756
488.99025	0.094698648
489.21354	0.096934273
489.43685	0.099788949
489.66018	0.102197648
489.88351	0.10503175
490.10686	0.107954395
490.33022	0.111920736
490.5536	0.115875611
490.77699	0.119710362
491.00039	0.123150462
491.22381	0.127216329
491.44724	0.131280705
491.67068	0.136282186
491.89413	0.140586815
492.1176	0.145554159
492.34109	0.148770042
492.56458	0.152538791
492.78809	0.155918146
493.01161	0.160064899
493.23515	0.16313712
493.4587	0.165784194
493.68226	0.169213531
493.90584	0.174312265
494.12943	0.178770112
494.35303	0.182749626
494.57664	0.185425152
494.80027	0.188404934
495.02391	0.189799724
495.24757	0.194843836
495.47124	0.198144649
495.69492	0.204000653
495.91862	0.207944482
496.14232	0.213461699
496.36605	0.21860272
496.58978	0.225439749
496.81353	0.23178461
497.03729	0.237234979
497.26107	0.24090436
497.48485	0.246650637
497.70866	0.252098727
497.93247	0.259665281
498.1563	0.266275879
498.38014	0.273639803
498.60399	0.277115367
498.82786	0.282730123
499.05174	0.288579414
499.27564	0.297800021
499.49954	0.302200184
499.72346	0.308070494
499.9474	0.310786074
500.17134	0.319797882
500.3953	0.324060949
500.61928	0.331654133
500.84326	0.337703853
501.06726	0.348225549
501.29127	0.354350505
501.5153	0.364067121
501.73934	0.370300837
501.96339	0.37660045
502.18745	0.380792564
502.41153	0.391536412
502.63562	0.396969894
502.85973	0.406597618
503.08385	0.413300602
503.30798	0.431181614
503.53212	0.437514639
503.75628	0.450701898
503.98045	0.457461553
504.20463	0.467424331
504.42883	0.474022403
504.65304	0.481158741
504.87726	0.487207711
505.1015	0.499709902
505.32575	0.506876418
505.55001	0.523675319
505.77428	0.528760571
505.99857	0.544900833
506.22287	0.555159632
506.44719	0.566468567
506.67151	0.563740499
506.89585	0.572844489
507.12021	0.58246747
507.34457	0.595512628
507.56895	0.603833643
507.79335	0.616925302
508.01775	0.628173257
508.24217	0.636097118
508.4666	0.643934296
508.69105	0.66082031
508.91551	0.662938311
509.13998	0.674290743
509.36446	0.676158674
509.58896	0.689390926
509.81347	0.69244011
510.03799	0.706532617
510.26253	0.714926329
510.48708	0.718350255
510.71164	0.724109781
510.93621	0.735745618
511.1608	0.740062086
511.3854	0.748089875
511.61002	0.757366741
511.83464	0.76724251
512.05928	0.770790934
512.28394	0.782332698
512.5086	0.792447621
512.73328	0.792091399
512.95797	0.794522142
513.18268	0.810608789
513.4074	0.816867292
513.63213	0.830907334
513.85687	0.838687339
514.08163	0.848755911
514.3064	0.853167667
514.53118	0.868809851
514.75597	0.885587691
514.98078	0.899217376
515.2056	0.9004341
515.43044	0.916981882
515.65529	0.921420222
515.88015	0.93051854
516.10502	0.943199474
516.3299	0.952030326
516.5548	0.956488475
516.77972	0.959228398
517.00464	0.959192265
517.22958	0.973738506
517.45453	0.98164047
517.67949	0.981808655
517.90447	0.968310679
518.12946	0.96592189
518.35446	0.966683528
518.57947	0.974026829
518.8045	0.972439269
519.02954	0.975600497
519.25459	0.97246718
519.47966	0.971076094
519.70474	0.968166361
519.92983	0.970712572
520.15493	0.979167082
520.38005	0.979762337
520.60518	0.971524268
520.83033	0.963946355
521.05548	0.969985398
521.28065	0.977748488
521.50583	0.980603152
521.73103	0.978020995
521.95623	0.982963835
522.18145	0.98510855
522.40669	0.992182318
522.63193	0.997291793
522.85719	1
523.08246	0.995872
523.30774	0.98495504
523.53304	0.972351205
523.75835	0.959647509
523.98367	0.945195274
524.20901	0.942469961
524.43436	0.940565793
524.65972	0.937972307
524.88509	0.935702518
525.11048	0.934037124
525.33587	0.925080717
525.56129	0.913646233
525.78671	0.902220269
526.01215	0.893352165
526.2376	0.885613245
526.46306	0.884052548
526.68853	0.883103515
526.91402	0.875472292
527.13952	0.87040122
527.36504	0.863656787
527.59056	0.854608536
527.8161	0.849508501
528.04165	0.847261971
528.26722	0.839601963
528.49279	0.829974165
528.71838	0.820765113
528.94398	0.814177962
529.1696	0.803842305
529.39523	0.797120609
529.62087	0.789447816
529.84652	0.779891853
530.07218	0.768434265
530.29786	0.761599329
530.52355	0.755950411
530.74926	0.755865036
530.97497	0.750111658
531.2007	0.741089318
531.42644	0.731275258
531.6522	0.727055816
531.87796	0.722938981
532.10374	0.718945488
532.32953	0.713982273
532.55534	0.710739444
532.78116	0.702219414
533.00698	0.693617541
533.23283	0.683158318
533.45868	0.676823267
533.68455	0.669706761
533.91043	0.662441094
534.13632	0.648865078
534.36223	0.638651075
534.58815	0.62483801
534.81408	0.618303691
535.04002	0.609376131
535.26597	0.600046583
535.49194	0.590929282
535.71792	0.586736041
535.94392	0.577169872
536.16992	0.571699208
536.39594	0.563621494
536.62197	0.558640799
536.84801	0.548848751
537.07407	0.542197997
537.30014	0.533267448
537.52622	0.529445253
537.75231	0.523371482
537.97842	0.521508719
538.20454	0.510900246
538.43067	0.505143336
538.65681	0.499602519
538.88297	0.495661638
539.10914	0.488520955
539.33532	0.484338442
539.56151	0.477461672
539.78772	0.472075492
540.01394	0.466697918
540.24017	0.466916068
540.46641	0.461766335
540.69267	0.460625251
540.91893	0.451005321
541.14522	0.448505142
541.37151	0.441070219
541.59781	0.441160726
541.82413	0.432820713
542.05046	0.431180481
542.27681	0.423806108
542.50316	0.422639321
542.72953	0.413222633
542.95591	0.411180792
543.1823	0.404661093
543.40871	0.399857622
543.63513	0.393392336
543.86156	0.388619711
544.088	0.382584132
544.31445	0.381620837
544.54092	0.374353709
544.7674	0.371572561
544.99389	0.364862303
545.2204	0.362936358
545.44691	0.356586788
545.67344	0.352546426
545.89999	0.345587401
546.12654	0.344623087
546.35311	0.337930768
546.57968	0.335681632
546.80628	0.329030168
547.03288	0.324581046
547.2595	0.319396517
547.48612	0.314858509
547.71276	0.30775033
547.93942	0.304763912
548.16608	0.299555212
548.39276	0.295503749
548.61945	0.289800995
548.84615	0.286048127
549.07287	0.28150146
549.29959	0.278476401
549.52633	0.273128909
549.75308	0.270937523
549.97985	0.267066637
550.20662	0.26599259
550.43341	0.262099518
550.66021	0.258754992
550.88703	0.255172948
551.11385	0.252640852
551.34069	0.24858758
551.56754	0.244813107
551.7944	0.241939582
552.02128	0.239564811
552.24816	0.236779286
552.47506	0.234861676
552.70197	0.231746508
552.9289	0.228986361
553.15583	0.225493527
553.38278	0.222294269
553.60974	0.218316333
553.83671	0.215945536
554.0637	0.213714827
554.29069	0.211876866
554.5177	0.209152046
554.74473	0.207159424
554.97176	0.204927231
555.1988	0.20224195
555.42586	0.19916957
555.65293	0.195662095
555.88002	0.192101542
556.10711	0.188583664
556.33422	0.186029877
556.56134	0.183551154
556.78847	0.181081834
557.01561	0.178125292
557.24277	0.175719142
557.46993	0.172878297
557.69711	0.170921911
557.92431	0.168657848
558.15151	0.166623887
558.37873	0.163450102
558.60596	0.161432116
558.8332	0.159305661
559.06045	0.157798102
559.28771	0.15532974
559.51499	0.153962852
559.74228	0.151500977
559.96958	0.149785101
560.1969	0.147176115
560.42422	0.146008828
560.65156	0.143444071
560.87891	0.14197305
561.10627	0.13962191
561.33365	0.138316341
561.56103	0.136242959
561.78843	0.135157619
562.01584	0.132572697
562.24326	0.131134291
562.4707	0.128753052
562.69815	0.127482788
562.9256	0.124991099
563.15308	0.124059539
563.38056	0.121355055
563.60805	0.120294553
563.83556	0.117798703
564.06308	0.117203341
564.29061	0.114397341
564.51815	0.113787002
564.74571	0.111319429
564.97328	0.110522722
565.20086	0.108147048
565.42845	0.107305515
565.65605	0.105165661
565.88367	0.104868198
566.11129	0.102309161
566.33893	0.102011705
566.56659	0.099887902
566.79425	0.099574187
567.02192	0.097435609
567.24961	0.097241093
567.47731	0.094665192
567.70502	0.095009893
567.93275	0.0923961
568.16048	0.09248449
568.38823	0.090100291
568.61599	0.089411947
568.84376	0.086993962
569.07155	0.087059735
569.29934	0.084506726
569.52715	0.084588901
569.75497	0.082160176
569.9828	0.08135167
570.21064	0.079129949
570.4385	0.078770723
570.66636	0.075947094
570.89424	0.075443635
571.12213	0.073107743
571.35004	0.073328656
571.57795	0.071343907
571.80588	0.071286594
572.03382	0.069417833
572.26177	0.069274319
572.48973	0.06736692
572.71771	0.067086767
572.94569	0.064976946
573.17369	0.06468239
573.4017	0.062818525
573.62972	0.062625943
573.85776	0.060800789
574.0858	0.060755426
574.31386	0.059191491
574.54193	0.058868108
574.77001	0.057145885
574.99811	0.056956452
575.22621	0.055558809
575.45433	0.055337355
575.68246	0.053861473
575.9106	0.053602623
576.13875	0.052576396
576.36692	0.052440808
576.59509	0.051266677
576.82328	0.050736873
577.05148	0.049466647
577.27969	0.049176976
577.50792	0.048165315
577.73615	0.047855187
577.9644	0.046812369
578.19266	0.046564017
578.42093	0.044799058
578.64921	0.043822244
578.87751	0.043263946
579.10581	0.042399701
579.33413	0.042052131
579.56246	0.04125886
579.7908	0.040606952
580.01916	0.039880195
580.24752	0.03937384
580.4759	0.038719208
580.70429	0.038218344
580.93269	0.037451696
581.1611	0.036776484
581.38952	0.036213654
581.61796	0.035710588
581.84641	0.035292465
582.07487	0.034566235
582.30334	0.034232978
582.53182	0.033641846
582.76032	0.033138419
582.98882	0.032563901
583.21734	0.032396895
583.44587	0.031686054
583.67441	0.031523997
583.90297	0.030877122
584.13153	0.030731454
584.36011	0.030016274
584.58869	0.029902003
584.81729	0.029219749
585.04591	0.029350052
585.27453	0.028427597
585.50317	0.028352928
585.73181	0.027548357
585.96047	0.027713953
586.18914	0.026727402
586.41782	0.026782335
586.64652	0.025843237
586.87522	0.025963749
587.10394	0.0249402
587.33267	0.025133233
587.56141	0.024151715
587.79016	0.024540044
588.01892	0.023314095
588.2477	0.023712069
588.47648	0.022716005
588.70528	0.0229421
588.93409	0.021991218
589.16291	0.022452567
589.39175	0.02148207
589.62059	0.021840299
589.84945	0.02073857
590.07831	0.021295375
590.30719	0.020246512
590.53609	0.020935089
590.76499	0.019687767
590.9939	0.020288089
591.22283	0.018830447
591.45177	0.019747349
591.68072	0.018613452
591.90968	0.019251126
592.13865	0.017850309
592.36763	0.018847596
592.59663	0.017306278
592.82563	0.018131042
593.05465	0.016738523
593.28368	0.017624509
593.51272	0.016344077
593.74178	0.017014521
593.97084	0.015830814
594.19992	0.016477252
594.42901	0.015353041
594.65811	0.01582248
594.88722	0.0147706
595.11634	0.01535612
595.34547	0.014379827
595.57462	0.015012951
595.80377	0.013995785
596.03294	0.014592079
596.26212	0.013780332
596.49131	0.014149425
596.72052	0.013332014
596.94973	0.013728239
597.17896	0.012941707
597.40819	0.013387916
597.63744	0.012687299
597.8667	0.013025089
598.09597	0.01226931
598.32526	0.012679407
598.55455	0.011866559
598.78386	0.012345772
599.01318	0.011661998
599.2425	0.011803462
599.47185	0.011162051
599.7012	0.011398047
599.93056	0.011080755
600.15993	0.011319489
600.38932	0.010650399
600.61872	0.010691016
600.84813	0.010326539
601.07755	0.010502376
601.30698	0.010015445
601.53642	0.010155098
601.76588	0.009774399
601.99534	0.009810582
602.22482	0.009572198
602.45431	0.009725144
602.68381	0.009395072
602.91332	0.00935895
603.14284	0.009183099
603.37238	0.009151403
603.60192	0.008956002
603.83148	0.008902264
604.06105	0.008750048
604.29063	0.008761537
604.52022	0.008656635
604.74982	0.008445019
604.97944	0.008321387
605.20906	0.008185847
605.4387	0.008158328
605.66835	0.007910138
605.898	0.00789577
606.12768	0.007648853
606.35736	0.007720603
606.58705	0.007446406
606.81675	0.007508538
607.04647	0.007192271
607.2762	0.00740426
607.50594	0.007073111
607.73569	0.007218367
607.96545	0.006893303
608.19522	0.007079506
608.425	0.00670664
608.6548	0.007006276
608.8846	0.00638369
609.11442	0.006606268
609.34425	0.006278607
609.57409	0.006534002
609.80394	0.006141586
610.0338	0.006505331
610.26368	0.006034631
610.49356	0.006419274
610.72346	0.005796386
610.95336	0.0063207
611.18328	0.005719752
611.41321	0.006104882
611.64315	0.005485948
611.87311	0.005893265
612.10307	0.005237659
612.33304	0.005734931
612.56303	0.005122198
612.79303	0.00556916
613.02304	0.004968618
613.25306	0.005646643
613.48309	0.00484629
613.71313	0.005463666
613.94318	0.004787027
614.17325	0.005335864
614.40332	0.004589814
614.63341	0.005263358
614.86351	0.004473967
615.09362	0.005150831
615.32374	0.004326141
615.55387	0.004926168
615.78401	0.004284312
616.01416	0.004866865
616.24433	0.004117552
616.4745	0.00477862
616.70469	0.003950111
616.93489	0.004763404
617.1651	0.003966332
617.39532	0.004599367
617.62555	0.003902351
617.85579	0.004455639
618.08605	0.003813347
618.31631	0.004314548
618.54659	0.003857779
618.77688	0.004184448
619.00717	0.003670507
619.23748	0.004110358
619.4678	0.00360185
619.69814	0.004035079
619.92848	0.003616847
620.15883	0.003924974
620.3892	0.003435042
620.61957	0.003837771
620.84996	0.003399861
621.08036	0.003744555
621.31077	0.003348642
621.54119	0.003681734
621.77162	0.00323151
622.00206	0.003536483
622.23252	0.003206156
622.46298	0.003470618
622.69345	0.003220959
622.92394	0.003478521
623.15444	0.003281365
623.38495	0.00341313
623.61547	0.003112684
623.846	0.003257479
624.07654	0.003110993
624.30709	0.003172662
624.53766	0.003020914
624.76823	0.003146647
624.99882	0.002955414
625.22941	0.003032675
625.46002	0.002926154
625.69064	0.003049565
625.92127	0.003036946
626.15191	0.002941605
626.38256	0.002902594
626.61322	0.002851064
626.8439	0.002773002
627.07458	0.002753177
627.30528	0.002863208
627.53598	0.002734507
627.7667	0.002864688
627.99743	0.002708806
628.22817	0.002828459
628.45892	0.002620287
628.68968	0.002714029
628.92045	0.002525932
629.15123	0.002728875
629.38203	0.002467887
629.61283	0.002743118
629.84365	0.002454253
630.07447	0.002799512
630.30531	0.002539773
630.53616	0.002689645
630.76702	0.002272664
630.99789	0.00264314
631.22877	0.002192211
631.45966	0.002639728
631.69057	0.002164835
631.92148	0.002656789
632.1524	0.002272523
632.38334	0.002600069
632.61429	0.002067089
632.84524	0.002602692
633.07621	0.002059704
633.30719	0.002658543
633.53818	0.001986015
633.76918	0.002563695
634.00019	0.002032301
634.23121	0.002624769
634.46225	0.001813735
634.69329	0.002648454
634.92435	0.001749989
635.15541	0.002599831
635.38649	0.001754401
635.61758	0.002687013
635.84867	0.001720267
636.07978	0.002702342
636.3109	0.001680325
636.54203	0.001669578
636.77317	0.002575624
637.00433	0.001643296
637.23549	0.002634293
637.46666	0.001632201
637.69785	0.002499398
637.92904	0.001610468
638.16025	0.002332669
638.39146	0.001434178
638.62269	0.002252338
638.85393	0.001577567
639.08518	0.00238316
639.31644	0.001610254
639.54771	0.002416105
639.77899	0.001593379
640.01028	0.002325045
640.24159	0.001640195
640.4729	0.002354189
640.70422	0.001647984
640.93556	0.002249076
641.1669	0.001652933
641.39826	0.002061622
641.62963	0.001545958
641.86101	0.002035441
642.09239	0.001572577
642.32379	0.001961309
642.5552	0.001509181
642.78662	0.001962241
643.01805	0.001611459
643.2495	0.001928454
643.48095	0.001612764
643.71241	0.002049483
643.94389	0.001581585
644.17537	0.001883536
644.40687	0.001526387
644.63837	0.00178555
644.86989	0.001515449
645.10142	0.001710997
645.33295	0.001449425
645.5645	0.001667064
645.79606	0.001554523
646.02763	0.001619229
646.25921	0.001477889
646.4908	0.00155375
646.7224	0.00144505
646.95402	0.001508664
647.18564	0.001507575
647.41727	0.00141269
647.64892	0.001423604
647.88057	0.001396241
648.11224	0.001442287
648.34391	0.001358801
648.5756	0.001564676
648.8073	0.001293914
649.03901	0.001411406
649.27072	0.001203801
649.50245	0.001368138
649.73419	0.001177565
649.96594	0.001412608
650.1977	0.001037976
650.42947	0.001326523
650.66126	0.000967089
650.89305	0.001318569
651.12485	0.000845765
651.35666	0.001271185
651.58849	0.000981385
651.82032	0.001348341
652.05217	0.000663273
652.28402	0.001130905
652.51589	0.000755581
652.74776	0.001163595
652.97965	0.000529253
653.21155	0.001327899
653.44346	0.000616407
653.67538	0.001192608
653.90731	0.000400327
654.13924	0.001164407
654.37119	0.000429551
654.60316	0.001169125
654.83513	0.000568305
655.06711	0.001200407
655.2991	0.000487277
655.5311	0.00119584
655.76312	0.000448069
655.99514	0.001117329
656.22717	0.000285801
656.45922	0.001235926
656.69127	0.000228995
656.92334	0.001311679
657.15541	0.000148679
657.3875	0.001277291
657.61959	0.00030419
657.8517	0.001249497
658.08382	0.000188237
658.31595	0.001141792
658.54809	0.000249719
658.78023	0.001180995
659.01239	0.000336338
659.24456	0.001064958
659.47674	0.000393617
659.70893	0.000875343
659.94113	0.000299571
660.17334	0.001067244
660.40557	0.000297768
660.6378	0.000997971
660.87004	0.000331728
661.10229	0.001022578
661.33455	0.000289851
661.56683	0.001024836
661.79911	0.000419416
662.03141	0.000900676
662.26371	0.000372804
662.49603	0.000821846
662.72835	0.000347545
662.96069	0.000841529
663.19303	0.000383475
663.42539	0.000846951
663.65775	0.000396235
663.89013	0.000842417
664.12252	0.000478159
664.35492	0.000736021
664.58732	0.000410217
664.81974	0.000700737
665.05217	0.000463224
665.28461	0.000695031
665.51706	0.000439953
665.74952	0.000634483
665.98199	0.00047224
666.21447	0.000630451
666.44696	0.000476981
666.67946	0.000589073
666.91197	0.000517409
667.14449	0.000571305
667.37702	0.000547211
667.60956	0.000574997
667.84211	0.000499074
668.07467	0.000493195
668.30725	0.000572655
668.53983	0.000566373
668.77242	0.000598234
669.00502	0.000466303
669.23764	0.000587288
669.47026	0.000459926
669.7029	0.000577048
669.93554	0.000403662
670.16819	0.000618855
670.40086	0.000404869
670.63353	0.000577879
670.86622	0.000381961
671.09891	0.000721836
671.33162	0.000428369
671.56433	0.000572771
671.79706	0.000233931
672.02979	0.000641679
672.26254	0.000325897
672.4953	0.000634981
672.72806	0.000299383
672.96084	0.000609878
673.19362	0.000216153
673.42642	0.00066303
673.65923	0.000248437
673.89205	0.000670203
674.12487	0.000239834
674.35771	0.000693371
674.59056	0.000188008
674.82342	0.000680694
675.05628	0.000181403
675.28916	0.000754469
675.52205	0.000211391
675.75495	0.000752448
675.98786	0.000105287
676.22077	0.000625114
676.4537	8.52041E-05
676.68664	0.000798163
676.91959	9.11532E-05
677.15255	0.000766173
677.38552	0.000196149
677.6185	0.000813184
677.85149	2.8838E-05
678.08449	0.000875675
678.3175	0.000106591
678.55051	0.000742806
678.78354	0.000130091
679.01658	0.000817733
679.24963	6.30392E-05
679.48269	0.000809929
679.71576	7.04408E-05
679.94884	0.000663455
680.18193	8.57884E-05
680.41503	0.000637647
680.64814	-1.31866E-05
680.88126	0.000644465
681.11439	0.000104731
681.34753	0.00058387
681.58068	0.000111863
681.81384	0.000596624
682.04701	6.18475E-05
682.28019	0.000617916
682.51338	0.000283637
682.74658	0.000660639
682.97979	0.000252306
683.21301	0.00054147
683.44624	0.000200576
683.67948	0.000531321
683.91273	0.000208742
684.14599	0.000523096
684.37926	0.000192147
684.61254	0.000463959
684.84583	0.000193175
685.07913	0.000462967
685.31244	0.000216559
685.54576	0.000338744
685.77909	0.000223612
686.01243	0.000433565
686.24578	0.000244507
686.47914	0.000360695
686.71251	0.000209938
686.94589	0.000379816
687.17928	0.000407443
687.41268	0.000424937
687.64609	0.000291414
687.87951	0.000371541
688.11294	0.000389727
688.34638	0.0003428
688.57982	0.00035833
688.81328	0.000331158
689.04675	0.000406057
689.28023	0.000272768
689.51372	0.000336844
689.74722	0.000183277
689.98073	0.00032566
690.21424	0.000168033
690.44777	0.000369804
690.68131	0.000186822
690.91486	0.00041001
691.14842	0.000134888
691.38198	0.0003951
691.61556	5.49372E-05
691.84915	0.000429157
692.08274	0.000178689
692.31635	0.000442494
692.54997	0.000108625
692.78359	0.000503062
693.01723	3.53475E-05
693.25088	0.000472066
693.48453	-2.0753E-05
693.7182	0.000502039
693.95187	-2.82237E-05
694.18556	0.000519421
694.41925	-6.00341E-05
694.65296	0.000521089
694.88667	-1.62388E-05
695.1204	0.000546757
695.35413	0.00061451
695.58788	1.50913E-05
695.82163	0.000640459
696.0554	-8.46819E-05
696.28917	0.000604595
696.52295	-0.000198785
696.75675	0.000606332
696.99055	-0.000155654
697.22436	0.000743528
697.45818	-6.43782E-05
697.69202	0.000562266
697.92586	-0.000130952
698.15971	0.000713105
698.39357	-0.00018852
698.62744	0.00073837
698.86132	-0.000177532
699.09521	0.000609228
699.32911	-0.000124026
699.56302	0.000607767
699.79694	-0.000147193
700.03087	0.000551189
700.26481	-0.000137532
700.49876	0.000528769
700.73272	-6.5005E-05
700.96669	0.000521732
701.20066	-3.7173E-05
701.43465	0.000516645
701.66865	-0.000153393
701.90266	0.000462953
702.13667	-8.62601E-05
702.3707	0.000456631
702.60473	-0.000133956
702.83878	0.000523389
703.07284	-4.12916E-05
703.3069	0.000379801
703.54097	-8.15568E-06
703.77506	0.00039561
704.00915	2.54406E-05
704.24326	0.000418235
704.47737	5.207E-06
704.71149	0.000420056
704.94562	3.56914E-05
705.17977	0.000314585
705.41392	9.0252E-05
705.64808	0.000399645
705.88225	0.000165328
706.11643	0.000280033
706.35062	0.000110104
706.58482	0.000259664
706.81903	0.000138769
707.05325	0.000240399
707.28748	7.77866E-05
707.52171	0.000145294
707.75596	0.000108675
707.99022	0.000146584
708.22449	0.000201942
708.45876	0.000143377
708.69305	0.000176428
708.92734	0.000177443
709.16165	0.000253843
709.39596	0.000163644
709.63029	0.000293511
709.86462	7.6902E-05
710.09896	0.000247159
710.33332	0.000162372
710.56768	0.000433419
710.80205	0.000103853
711.03643	0.00038477
711.27082	9.74996E-07
711.50522	0.000439975
711.73963	-3.07251E-05
711.97405	0.000317817
712.20848	-5.09469E-05
712.44292	0.000387381
712.67737	2.16007E-05
712.91182	0.000422112
713.14629	2.62672E-05
713.38077	0.000492162
713.61525	1.63465E-05
713.84975	0.000508933
714.08425	-9.64341E-05
714.31876	0.000479497
714.55329	-0.000102567
714.78782	0.000558684
715.02236	-0.000106741
715.25692	0.000476449
715.49148	-9.4353E-05
715.72605	0.000509293
715.96063	-0.00029063
716.19522	0.000665873
716.42982	-0.00011364
716.66443	0.000681169
716.89904	-0.000355036
717.13367	0.000628665
717.36831	-0.000271801
717.60295	0.000695036
717.83761	-0.000336557
718.07227	0.000518054
718.30695	-0.000186518
718.54163	0.000588284
718.77633	-0.000407325
719.01103	0.000673614
719.24574	-0.000169093
719.48046	0.000523547
719.71519	-0.000249404
719.94993	0.000602769
720.18468	-0.000141601
720.41944	0.000467501
720.65421	-0.000166817
720.88899	0.000414774
721.12377	-0.000240658
721.35857	0.000438274
721.59337	-0.000262985
721.82819	0.00052083
722.06301	-0.000105824
722.29785	0.00046117
722.53269	-0.000174735
722.76754	0.000438209
723.0024	-2.83975E-05
723.23727	0.000318514
723.47216	-0.000161828
723.70704	0.00035096
723.94194	-3.70096E-06
724.17685	0.000429698
724.41177	6.32017E-05
724.6467	0.000369749
724.88163	7.30887E-05
725.11658	0.000293076
725.35153	2.20604E-06
725.58649	0.000242384
725.82147	-3.61864E-05
726.05645	0.000183212
726.29144	-1.28642E-05
726.52644	6.42001E-05
726.76145	-1.64426E-05
726.99647	0.000222076
727.2315	0.00013074
727.46654	0.000243178
727.70158	0.00010889
727.93664	0.000140018
728.17171	0.000165313
728.40678	0.000112217
728.64187	0.000151583
728.87696	0.000171089
729.11206	0.000207544
729.34717	7.07815E-05
729.58229	0.000186654
729.81742	6.12371E-05
730.05256	0.000213586
730.28771	2.6785E-05
730.52287	0.000290569
730.75804	0.000146054
730.99321	0.000436925
731.2284	0.000126706
731.46359	0.000336441
731.69879	-3.39111E-05
731.93401	0.000280551
732.16923	-8.47677E-05
732.40446	0.000311846
732.6397	-8.89706E-05
732.87495	0.000296478
733.11021	-1.07487E-05
733.34547	0.000410997
733.58075	-6.0219E-05
733.81604	0.000341992
734.05133	-0.000155419
734.28664	0.000505744
734.52195	-7.67537E-06
734.75727	0.000494465
734.9926	-0.000126467
735.22794	0.000438588
735.46329	-0.000249185
735.69865	0.000433926
735.93402	-0.000127663
736.1694	0.000473385
736.40478	-0.000238563
736.64018	0.000567473
736.87558	-0.000300005
737.111	0.000631995
737.34642	-0.000258972
737.58185	0.000514529
737.81729	-0.000247161
738.05274	0.000524457
738.2882	-0.000285013
738.52367	0.000523909
738.75914	-0.000384324
738.99463	0.000504144
739.23012	-0.000112603
739.46563	0.000493036
739.70114	-0.000213813
739.93666	0.00057869
740.17219	-9.43083E-05
740.40773	0.000495506
740.64328	-0.000292589
740.87884	0.000425448
741.11441	-0.000141874
741.34998	0.000467745
741.58557	-0.000162959
741.82116	0.000489522
742.05676	-0.000159578
742.29238	0.00028607
742.528	-0.000178413
742.76363	0.00027551
742.99927	-0.000281877
743.23491	0.000310912
743.47057	-9.57171E-07
743.70624	0.000366313
743.94191	-4.70472E-05
744.1776	0.000247107
744.41329	-0.000106972
744.64899	0.000186377
744.8847	-6.01308E-05
745.12042	0.00023548
745.35615	3.24833E-06
745.59189	0.000268913
745.82763	3.90044E-05
746.06339	0.000216287
746.29915	4.72962E-05
746.53493	0.000216237
746.77071	8.4292E-05
747.0065	0.000167035
747.2423	3.79287E-05
747.47811	7.79072E-05
747.71393	6.69191E-05
747.94975	0.000108411
748.18559	7.25513E-05
748.42143	6.49313E-05
748.65728	0.000126965
748.89315	8.33377E-05
749.12902	8.49982E-05
749.3649	0.000100538
749.60079	0.00016523
749.83668	4.02837E-05
750.07259	0.000174112
750.30851	5.86278E-05
750.54443	0.000143007
750.78036	-5.09156E-05
751.0163	0.000150635
751.25226	-7.17836E-05
751.48821	9.81711E-05
751.72418	-5.09118E-05
751.96016	0.000246875
752.19615	-8.2027E-05
752.43214	0.000142553
752.66814	-9.55237E-05
752.90416	0.000239093
753.14018	-0.000101304
753.37621	0.000291825
753.61225	-0.000150386
753.8483	0.000245872
754.08435	-0.000152169
754.32042	0.000308488
754.55649	-0.000126081
754.79257	-0.000367331
755.02867	0.000270038
755.26477	-9.31515E-05
755.50087	0.000448259
755.73699	-0.00018105
755.97312	0.000370418
756.20925	-0.000264195
756.4454	0.000383615
756.68155	-0.00017717
756.91771	0.000439597
757.15388	-0.000252557
757.39006	0.000446786
757.62625	-0.000245944
757.86245	0.000542384
758.09865	-0.000346694
758.33487	0.000530522
758.57109	-0.000190573
758.80732	0.000579804
759.04356	-0.00030023
759.27981	0.000334706
759.51607	-0.000294766
759.75233	0.000539378
759.98861	-0.000273528
760.22489	0.000400636
760.46118	-0.000147138
760.69748	0.000434052
760.93379	-0.000205578
761.17011	0.000398348
761.40644	-0.000221289
761.64278	0.000331211
761.87912	-0.000160589
762.11547	0.000385119
762.35183	-0.000170386
762.5882	0.000364167
762.82458	-0.000155082
763.06097	0.000355907
763.29737	-8.01128E-05
763.53377	0.000363183
763.77019	-0.000161553
764.00661	0.000376107
764.24304	-9.83415E-05
764.47948	0.000201477
764.71593	-0.000183619
764.95238	0.000206145
765.18885	-4.29721E-05
765.42532	0.000193698
765.6618	-7.31072E-05
765.89829	0.000181814
766.13479	-8.86257E-05
766.3713	0.000199275
766.60782	2.85883E-05
766.84434	0.000266599
767.08088	9.96992E-05
767.31742	0.000226317
767.55397	1.88472E-05
767.79053	0.000135185
768.0271	4.1951E-05
768.26367	0.000114549
768.50026	2.41906E-06
768.73685	7.30039E-05
768.97346	2.90546E-05
769.21007	9.89447E-05
769.44669	0.000130011
769.68331	6.77238E-05
769.91995	9.66081E-05
770.15659	3.10267E-05
770.39325	0.000182601
770.62991	6.83812E-05
770.86658	0.000150494
771.10326	-3.76251E-05
771.33995	0.00016671
771.57664	-2.95307E-05
771.81335	0.00021713
772.05006	3.79286E-05
772.28678	0.000298486
772.52351	-0.000152926
772.76025	0.000249102
772.997	6.56804E-06
773.23375	0.000362831
773.47052	-0.000116528
773.70729	0.000280926
773.94407	-7.44649E-05
774.18086	0.000313988
774.41765	-3.84621E-05
774.65446	0.00044881
774.89127	-0.000120121
775.1281	0.000499333
775.36493	-0.000126265
775.60177	0.000343773
775.83862	-0.000375701
776.07547	0.000337871
776.31234	-0.000259121
776.54921	0.000301238
776.78609	-0.000284818
777.02298	0.000539471
777.25988	-0.000195909
777.49679	0.00047998
777.7337	-0.000371089
777.97063	0.00052609
778.20756	-0.000327063
778.4445	0.00055233
778.68145	-0.000323372
778.91841	0.000515354
779.15537	-0.000534789
779.39235	0.000590971
779.62933	-0.00031148
779.86632	0.000588215
780.10332	-0.000357628
780.34033	0.000624363
780.57734	-0.000437946
780.81437	0.00064175
781.0514	-0.000285166
781.28844	0.000625359
781.52549	-0.000469991
781.76255	0.000573905
781.99961	-0.00030047
782.23669	0.00043662
782.47377	-0.000299008
782.71086	0.000450058
782.94796	-0.000217103
783.18507	0.000554014
783.42218	-0.000277104
783.6593	0.000447736
783.89644	-0.000389671
784.13358	0.000420913
784.37073	-0.000263318
784.60788	0.000486411
784.84505	-0.000116307
785.08222	0.000363249
785.3194	-0.00026914
785.55659	0.00029748
785.79379	-0.000172339
786.031	0.000287749
786.26821	-7.66323E-05
786.50544	0.000305919
786.74267	-3.41793E-05
786.97991	0.000318385
787.21716	-5.52086E-05
787.45441	0.000211983
787.69168	-0.000117124
787.92895	0.000173543
788.16623	-6.59122E-05
788.40352	0.000261326
788.64081	8.21972E-05
788.87812	0.00015728
789.11543	-1.16119E-06
789.35275	0.000203822
789.59008	6.11683E-05
789.82742	0.000160295
790.06477	0.000204943
790.30212	0.000261544
790.53949	0.000169302
790.77686	4.75131E-05
791.01424	2.32851E-05
791.25162	5.48279E-05
791.48902	0.00016321
791.72642	4.86165E-06
791.96383	0.00021729
792.20125	2.32553E-05
792.43868	0.000176433
792.67612	-7.49752E-05
792.91356	0.000230679
793.15101	-4.36581E-05
793.38847	0.000315629
793.62594	-4.59984E-05
793.86342	0.00039346
794.1009	3.44504E-05
794.3384	0.000509156
794.5759	-4.83019E-05
794.81341	0.000407819
795.05092	-7.65489E-05
795.28845	0.00052615
795.52598	-8.09031E-05
795.76352	0.000374661
796.00107	-0.00019822
796.23863	0.000334013
796.4762	-0.00026244
796.71377	0.000496608
796.95135	-0.000191311
797.18894	0.000607899
797.42654	-0.000180267
797.66415	0.000555407
797.90176	-0.000168242
798.13938	0.000723531
798.37701	-0.000257138
798.61465	0.000721419
798.8523	-0.000458415
799.08995	0.0005569
799.32761	-0.00032575
799.56528	0.000755086
799.80296	-0.000325651
800.04065	0.000665007
800.27834	-0.000323512
800.51605	0.000769816
800.75376	-0.000619676
800.99147	0.000793454
801.2292	-0.0005094
801.46694	0.000717547
801.70468	-0.000555852
801.94243	0.000848503
802.18019	-0.000471835
802.41795	0.000731352
802.65573	-0.000570073
802.89351	0.000696217
803.1313	-0.000429403
803.3691	0.000528363
803.6069	-0.000340699
803.84472	0.000600911
804.08254	-0.00047203
804.32037	0.000493956
804.55821	-0.000127872
804.79605	0.000760904
805.03391	-0.000192692
805.27177	0.000556
805.50964	-0.00045498
805.74752	0.000485603
805.9854	-0.000199335
806.2233	0.000548384
806.4612	-0.000190931
806.69911	0.000743394
806.93702	-0.000102164
807.17495	0.000354022
807.41288	-0.000371328
807.65082	0.000357916
807.88877	-0.000215425
808.12673	0.000425244
808.36469	-7.54659E-05
808.60266	0.000380488
808.84064	-0.00010474
809.07863	0.000307933
809.31663	-1.11903E-05
809.55463	0.000278586
809.79264	-0.000131865
810.03066	0.000162488
810.26869	-0.00018508
810.50672	0.000163682
810.74477	3.97084E-05
810.98282	0.000283795
811.22088	0.000141432
811.45894	0.000312568
811.69702	3.63597E-05
811.9351	0.000124256
812.17319	3.00376E-05
812.41129	8.07669E-05
812.64939	8.47734E-05
812.88751	0.000152794
813.12563	0.000133765
813.36376	0.000209561
813.60189	0.000302462
813.84004	8.02788E-05
814.07819	0.000295758
814.31635	6.55766E-05
814.55452	0.000106966
814.79269	0.000688977
815.03088	-6.25632E-05
815.26907	0.000185383
815.50727	6.5274E-05
815.74547	0.000464616
815.98369	8.46899E-06
816.22191	0.00041475
816.46014	-0.000136991
816.69838	0.000293937
816.93662	-0.000111718
817.17488	0.000487256
817.41314	-0.000184726
817.65141	0.000331187
817.88968	-0.000174237
818.12797	0.000462893
818.36626	-0.000255714
818.60456	0.000392061
818.84286	-0.000176867
819.08118	0.000449135
819.3195	-0.000330225
819.55783	0.000576693
819.79617	-0.000255017
820.03451	0.000750977
820.27287	-0.000269629
820.51123	0.000470054
820.7496	-0.000393713
820.98797	0.000393442
821.22636	-0.000509833
821.46475	0.000407129
821.70315	-0.00049367
821.94155	0.000540836
822.17997	-0.00046747
822.41839	0.000531116
822.65682	-0.000552495
822.89526	0.000819886
823.1337	-0.000452865
823.37216	0.000683696
823.61062	-0.000541704
823.84908	0.000647664
824.08756	-0.000298972
824.32604	0.001026258
824.56453	-0.00060491
824.80303	0.000521311
825.04154	-0.000339709
825.28005	0.000762248
825.51857	-0.000317524
825.7571	0.00063995
825.99564	-0.000405005
826.23418	0.000456301
826.47273	-0.0004979
826.71129	0.000514376
826.94986	-0.00035361
827.18843	0.000624283
827.42701	-0.000381651
827.6656	0.000652787
827.9042	-0.000306519
828.1428	0.000607464
828.38141	-0.000366746
828.62003	0.000512126
828.85866	-0.000210806
829.0973	0.000516602
829.33594	-0.000144347
829.57459	0.000630518
829.81324	-0.000187833
830.05191	0.000451058
830.29058	-0.000168237
830.52926	0.000440947
830.76795	-3.65519E-05
831.00664	0.000439232
831.24534	-0.000252777
831.48405	0.000176855
831.72277	-0.000222616
831.96149	0.000291178
832.20023	-0.000131469
832.43897	0.00017978
832.67771	-9.70279E-05
832.91647	0.00031409
833.15523	-8.96608E-05
833.394	0.000344548
833.63277	-4.44245E-05
833.87156	0.000213456
834.11035	8.56469E-05
834.34915	0.000236153
834.58796	-1.79419E-05
834.82677	0.000234324
835.06559	0.000175969
835.30442	0.00020624
835.54326	0.000107186
835.7821	3.37861E-05
836.02095	1.95682E-06
836.25981	3.29014E-05
836.49867	0.000119011
836.73755	0.000202097
836.97643	0.000271798
837.21532	6.76923E-05
837.45421	0.000114173
837.69311	1.52616E-05
837.93203	0.000192419
838.17094	4.99151E-05
838.40987	0.000102156
838.6488	-0.000115744
838.88774	0.000193541
839.12669	4.18195E-06
839.36564	0.000325812
839.6046	-4.08041E-05
839.84357	0.000281324
840.08255	-4.67935E-05
840.32153	0.000455308
840.56052	-7.34597E-05
840.79952	0.000233092
841.03853	-0.000231718
841.27754	0.000413736
841.51656	-5.14573E-05
841.75559	0.000613113
841.99462	-0.000201962
842.23367	0.000386954
842.47272	-0.000271333
842.71177	0.000432254
842.95084	-0.000159387
843.18991	0.000457285
843.42899	-0.000292582
843.66807	0.000404901
843.90717	-0.000316524
844.14627	0.000625618
844.38538	-0.000176982
844.62449	0.000434905
844.86361	-0.000260102
845.10274	0.000627319
845.34188	-0.000271315
845.58102	0.00062894
845.82018	-0.000483083
846.05934	0.000510342
846.2985	-0.000457353
846.53767	0.000590007
846.77685	-0.000491128
847.01604	0.000720633
847.25524	-0.000398963
847.49444	0.000611535
847.73365	-0.000515434
847.97287	0.00076624
848.21209	-0.000530186
848.45132	0.0006163
848.69056	-0.000401712
848.9298	0.000789742
849.16906	-0.000542638
849.40832	0.000746142
849.64758	-0.000419539
849.88686	0.000691982
850.12614	-0.000509969
850.36543	0.000649888
850.60472	-0.000316233
850.84403	0.000609079
851.08334	-0.000250371
851.32265	0.000663466
851.56198	-0.000384688
851.80131	0.000684975
852.04065	-0.000220175
852.27999	0.000531646
852.51935	-0.00022316
852.75871	0.000423363
852.99807	-0.000310134
853.23745	0.000637375
853.47683	-0.000151127
853.71622	0.000463039
853.95561	-0.000222377
854.19502	0.000559233
854.43443	-0.000256854
854.67384	0.000399192
854.91327	-0.000177643
855.1527	0.000392407
855.39214	-0.000161931
855.63158	0.000419223
855.87103	-0.00013094
856.11049	0.000423672
856.34996	-0.000220848
856.58943	0.000221056
856.82892	-0.00024526
857.0684	0.000321
857.3079	-7.5165E-05
857.5474	0.00030454
857.78691	9.31568E-05
858.02642	0.000288603
858.26595	-9.30892E-05
858.50548	0.000286419
858.74502	-5.08739E-05
858.98456	0.000107124
859.22411	7.83337E-06
859.46367	0.000238315
859.70323	-9.40849E-06
859.94281	8.52686E-05
860.18239	6.03576E-05
860.42197	0.000186743
860.66156	-0.000116121
860.90116	3.9937E-05
861.14077	0.000139698
861.38039	0.000151678
861.62001	6.47467E-05
861.85964	5.10143E-05
862.09927	0.000123139
862.33891	6.83235E-05
862.57856	0.000213574
862.81822	0.00013862
863.05788	0.000227124
863.29755	-1.81544E-06
863.53723	8.43026E-05
863.77691	-8.64331E-05
864.0166	0.000258727
864.2563	-4.64997E-05
864.49601	0.000230673
864.73572	-6.56917E-05
864.97544	0.000337466
865.21516	-6.79035E-05
865.45489	0.000357913
865.69463	-2.63053E-05
865.93438	0.000318083
866.17413	-0.000163607
866.41389	0.000382066
866.65366	-0.000295066
866.89343	0.000451092
867.13321	-0.000117648
867.373	0.000406299
867.6128	-3.6462E-05
867.8526	0.000503497
868.09241	-0.000176913
868.33222	0.000588202
868.57204	-9.20166E-05
868.81187	0.000557464
869.05171	-0.000296399
869.29155	0.000553248
869.5314	-0.00014907
869.77126	0.000606632
870.01112	-0.000340204
870.25099	0.000761076
870.49087	-0.000338938
870.73075	0.000460081
870.97064	-0.000239683
871.21054	0.000464662
871.45044	-0.000480232
871.69035	0.000700927
871.93027	-0.000509315
872.1702	0.000519196
872.41013	-0.000573884
872.65007	0.000743323
872.89001	-0.000373859
873.12996	0.000822373
873.36992	-0.000491454
873.60989	0.000765281
873.84986	-0.000483826
874.08984	0.000854545
874.32982	-0.000665095
874.56982	0.000707555
874.80982	-0.000621173
875.04982	0.000820095
875.28983	-0.000495638
875.52985	-0.000756374
875.76988	0.000945453
876.00991	-0.000595656
876.24995	0.000931315
876.49	-0.000604328
876.73005	0.000858365
876.97011	-0.000814289
877.21018	0.00079464
877.45025	-0.000516475
877.69033	0.000722294
877.93042	-0.000361965
878.17051	0.000776984
878.41061	-0.000398118
878.65072	0.000631909
878.89084	-0.000524564
879.13096	0.000526164
879.37108	-0.000425334
879.61122	0.000585759
879.85136	-0.000329656
880.0915	0.000632163
880.33166	-0.000338615
880.57182	0.000409543
880.81199	-0.00040355
881.05216	0.000519679
881.29234	-0.000440487
881.53253	0.000477176
881.77272	-0.00029482
882.01292	0.00059622
882.25313	-0.000168829
882.49334	0.000773713
882.73356	-4.93425E-05
882.97379	0.000519888
883.21402	-0.000395965
883.45426	0.000409496
883.69451	-0.000253151
883.93476	0.000466966
884.17502	-4.59877E-05
884.41529	0.000753347
884.65556	-7.76128E-05
884.89584	0.000286737
885.13613	-0.000319286
885.37642	0.000384062
885.61672	1.40675E-05
885.85703	0.000376436
886.09734	-0.000125712
886.33766	0.000576439
886.57799	0.000305995
886.81832	0.000392171
887.05866	-8.28262E-05
887.29901	0.00030575
887.53936	-9.0626E-06
887.77972	0.000218641
888.02008	-7.57035E-05
888.26045	4.67754E-05
888.50083	-3.53323E-05
888.74122	0.000196981
888.98161	0.000259379
889.22201	0.000268513
889.46241	0.000196645
889.70282	0.000323087
889.94324	0.000323277
890.18366	0.000194934
890.42409	0.000248846
890.66453	-3.73681E-05
890.90497	4.26452E-05
891.14542	0.000166583
891.38588	0.000370942
891.62634	-0.000166289
891.86681	0.000166903
892.10729	3.81192E-05
892.34777	0.000285009
892.58826	-0.000170224
892.82876	0.000282259
893.06926	-1.32489E-05
893.30977	0.000375278
893.55028	-0.000272397
893.7908	0.000203812
894.03133	-0.000197346
894.27186	0.000507122
894.51241	-0.000156895
894.75295	0.000724247
894.99351	-6.25118E-05
895.23407	0.000418129
895.47463	-4.45041E-05
895.7152	0.000649039
895.95578	-0.000443576
896.19637	0.000389134
896.43696	-0.000364146
896.67756	0.000765468
896.91816	-0.000153474
897.15878	0.000662387
897.39939	-0.000359804
897.64002	0.000610318
897.88065	-0.000478944
898.12128	0.000588411
898.36193	-0.000649073
898.60258	0.000743876
898.84323	-0.00035018
899.08389	0.000830994
899.32456	-0.000476768
899.56524	0.000634177
899.80592	-0.000642986
900.04661	0.000709515
900.2873	-0.000726643
900.528	0.000709903
900.76871	-0.000361976
901.00942	0.001110814
901.25014	-0.000795818
901.49087	0.001110481
901.7316	-0.000587438
901.97234	0.001171271
902.21308	-0.000560188
902.45383	0.001392015
902.69459	-0.000443566
902.93535	0.001031656
903.17612	-0.000854495
903.4169	0.000864436
903.65768	-0.001010261
903.89847	0.001277741
904.13926	-0.000795469
904.38006	0.001034734
904.62087	-0.000747272
904.86169	0.001135518
905.10251	-0.001258719
905.34333	0.001461836
905.58416	-0.000590338
905.825	0.001111927
906.06585	-0.000849235
906.3067	0.001402419
906.54756	-0.000657325
906.78842	0.001353853
907.02929	-0.000753293
907.27017	0.001062812
907.51105	-0.000930322
907.75194	0.00128848
907.99283	-0.000871075
908.23373	0.001204859
908.47464	-0.000666167
908.71555	0.001412479
908.95647	-0.000420944
909.1974	0.001242523
909.43833	-0.000589924
909.67927	0.001016225
909.92021	-0.000748628
910.16116	0.001147136
910.40212	-0.000489478
910.64308	0.000836488
910.88405	-0.000922584
911.12503	0.000903432
911.36601	-0.000468069
911.607	0.001369075
911.84799	-0.000552904
912.08899	0.00075822
912.33	-0.00053215
912.57101	0.000975825
912.81203	-0.000271731
913.05305	0.000904342
913.29408	-0.000545125
913.53512	0.000656609
913.77616	-0.000370432
914.01721	0.001011217
914.25827	-0.000264652
914.49933	0.000909814
914.74039	-0.000185711
914.98147	0.000900534
915.22255	-0.000239858
915.46363	0.000430559
915.70472	-0.000318808
915.94582	0.000256698
916.18693	-0.000474242
916.42804	0.00055179
916.66915	-2.22099E-05
916.91027	0.000464716
917.1514	-0.000278597
917.39254	0.00077004
917.63368	3.30972E-05
917.87482	0.000670153
918.11597	-0.000124743
918.35713	0.000496339
918.5983	0.000147289
918.83947	0.000700746
919.08064	-2.68246E-05
919.32183	0.000381871
919.56301	-0.000241867
919.80421	0.000469087
920.04541	0.000192935
920.28662	0.00057371
920.52783	0.000155833
920.76905	0.000435094
921.01027	0.000213543
921.2515	0.000506666
921.49274	0.000252173
921.73398	0.000329159
921.97523	0.000344458
922.21648	0.000283464
922.45774	0.000252916
922.69901	0.000434263
922.94028	0.000420398
923.18156	0.00015442
923.42285	0.000234476
923.66414	0.000437244
923.90543	0.00039307
924.14673	0.000314239
924.38804	0.000609096
924.62936	0.000251367
924.87068	0.000590783
925.112	0.000297099
925.35333	0.000569254
925.59467	-0.000164269
925.83602	0.000138495
926.07737	-5.22286E-05
926.31872	0.00074295
926.56008	0.000256336
926.80145	0.000872875
927.04282	3.59778E-05
927.2842	0.000179286
927.52559	-0.000455342
927.76698	0.000443519
928.00837	-5.68818E-05
928.24978	0.000744684
928.49119	-0.000366545
928.7326	0.000628831
928.97402	5.6262E-05
929.21545	0.000790247
929.45688	-0.000233859
929.69832	0.000792794
929.93976	-0.000234206
930.18121	0.000699802
930.42267	-0.000698796
930.66413	0.000658505
930.90559	-0.00012052
931.14707	0.001025349
931.38855	-0.000378515
931.63003	0.000836441
931.87152	-0.000349053
932.11302	0.000978353
932.35452	-0.000820509
932.59603	0.000731211
932.83754	-0.000418123
933.07906	0.000749729
933.32059	-0.000780355
933.56212	0.001020346
933.80365	-0.000608569
934.0452	0.001103024
934.28674	-0.000511327
934.5283	0.001174122
934.76986	-0.000706396
935.01142	0.000973536
935.253	-0.000271055
935.49457	0.001319147
935.73616	-0.001070618
935.97774	0.001739822
936.21934	-0.00057705
936.46094	0.00142056
936.70254	0.001498103
936.94416	-0.000637341
937.18577	0.001304038
937.4274	-0.001077845
937.66903	0.001394526
937.91066	-0.001024325
938.1523	0.001458445
938.39395	-0.001148712
938.6356	0.001822516
938.87726	-0.000931922
939.11892	0.001692668
939.36059	-0.001426987
939.60226	0.001672058
939.84394	-0.001539162
940.08563	0.002172922
940.32732	-0.000770025
940.56902	0.002047272
940.81072	-0.001353937
941.05243	0.001888722
941.29414	-0.001566208
941.53586	0.002281837
941.77759	-0.001603632
942.01932	0.001656242
942.26106	-0.001382468
942.5028	0.00236055
942.74455	-0.001879518
942.9863	0.002023038
943.22806	-0.001561625
943.46983	0.002481953
943.7116	-0.001546944
943.95337	0.002176455
944.19516	-0.00153094
944.43694	0.001962459
944.67874	-0.001359539
944.92054	0.00175308
945.16234	-0.001543384
945.40415	0.001637494
945.64596	-0.001446042
945.88779	0.001580465
946.12961	-0.001841065
946.37145	0.001384193
946.61328	-0.001915341
946.85513	0.001875008
947.09698	-0.001066533
947.33883	0.002627411
947.58069	-0.000646136
947.82256	0.002250297
948.06443	-0.001129578
948.3063	0.001814497
948.54819	-0.001420106
948.79007	0.001765767
949.03197	-0.000801834
949.27387	0.001648306
949.51577	-0.001540635
949.75768	0.001649948
949.9996	-0.001237046
950.24152	0.001794842
950.48344	-0.000511018
950.72538	0.002429699
950.96731	-0.000776087
951.20926	0.001412012
951.45121	-0.001148208
951.69316	0.001364866
951.93512	-0.001454548
952.17708	0.00119371
952.41906	-0.00088978
952.66103	0.001603479
952.90301	-0.000691689
953.145	0.001459749
953.38699	-0.000855169
953.62899	0.001368502
953.87099	-0.000627563
954.113	0.001291821
954.35502	-0.000511774
954.59704	0.001947724
954.83906	-0.000779293
955.08109	0.001222914
955.32313	-0.000298822
955.56517	0.000968419
955.80722	-0.000854197
956.04927	0.001082909
956.29133	-0.000409804
956.53339	0.001835033
956.77546	-0.000144364
957.01753	0.001246693
957.25961	-0.000738228
957.5017	0.000496276
957.74379	-0.000622996
957.98588	0.001118279
958.22798	-0.000300888
958.47009	0.00084916
958.7122	-0.000563664
958.95432	0.000383738
959.19644	-0.000535502
959.43857	0.000625593
959.6807	-0.000656189
959.92284	0.000451754
960.16498	-8.22795E-05
960.40713	0.000762855
960.64929	0.000299431
960.89145	0.001027858
961.13361	3.72921E-05
961.37578	0.000846544
961.61796	-0.000106208
961.86014	0.000285583
962.10233	-0.000304053
962.34452	0.000754097
962.58671	0.000271041
962.82892	0.000926114
963.07112	9.59499E-05
963.31334	0.000590732
963.55556	-4.27106E-05
963.79778	0.000516342
964.04001	0.000617124
964.28224	0.000989246
964.52448	0.000363556
964.76673	0.000643461
965.00898	0.000195045
965.25123	0.000502227
965.49349	0.000415034
965.73576	0.000617786
965.97803	0.000529865
966.22031	0.000601563
966.46259	0.000119412
966.70488	0.000456305
966.94717	0.000729783
967.18946	0.001052508
967.43177	0.000694162
967.67408	5.95696E-05
967.91639	0.000226283
968.15871	0.000141258
968.40103	0.000124718
968.64336	3.49818E-05
968.88569	0.000376257
969.12803	0.000106631
969.37038	0.000307341
969.61273	-2.98239E-05
969.85508	0.000445471
970.09744	0.000158548
970.3398	0.000703151
970.58218	0.000416586
970.82455	0.000552712
971.06693	-8.89133E-05
971.30932	0.000536591
971.55171	0.000250879
971.7941	0.000591885
972.03651	-0.000137323
972.27891	0.000924376
972.52132	0.000336581
972.76374	0.001122108
973.00616	-0.00019443
973.24859	0.000481268
973.49102	1.31517E-06
973.73346	0.000341732
973.9759	-0.000550826
974.21835	0.001042782
974.4608	0.000147875
974.70326	0.000488177
974.94572	-0.000531751
975.18819	0.000713552
975.43066	-5.05954E-05
975.67314	0.001115263
975.91562	-0.000108678
976.15811	0.000893634
976.40061	-0.000335562
976.6431	0.000787571
976.88561	-0.000278589
977.12812	0.001387347
977.37063	-0.0001213
977.61315	0.001207758
977.85567	-0.000336012
978.0982	0.001178202
978.34074	-0.000446592
978.58327	0.000842824
978.82582	-0.000481886
979.06837	0.001461058
979.31092	-0.000446235
979.55348	0.00146417
979.79604	-0.000357567
980.03861	0.000991787
980.28119	-0.000725776
980.52377	0.001172364
980.76635	-0.001029985
981.00894	0.000947205
981.25154	-0.000787196
981.49413	0.001373072
981.73674	-0.000767448
981.97935	0.001556762
982.22196	-0.000372562
982.46458	0.002054549
982.70721	-0.000124067
982.94983	0.001788611
983.19247	-0.000678223
983.43511	0.001506021
983.67775	-0.000462175
983.9204	0.00156975
984.16306	-0.001369371
984.40571	0.001469032
984.64838	-0.000727571
984.89105	0.001586402
985.13372	-0.001247907
985.3764	0.001452574
985.61908	-0.000758551
985.86177	0.002384345
986.10447	-0.001040779
986.34716	0.001615423
986.58987	-0.001133223
986.83258	0.002224296
987.07529	-0.000434059
987.31801	0.002250905
987.56073	-0.000838857
987.80346	0.001429865
988.04619	-0.001111926
988.28893	0.001799708
988.53167	-0.00136673
988.77442	0.001645463
989.01717	-0.000614917
989.25993	0.001897467
989.50269	-0.001156834
989.74546	0.001706328
989.98823	-0.000750464
990.23101	0.002241265
990.47379	-0.000933579
990.71657	0.002030735
990.95937	-0.000677111
991.20216	0.002184039
991.44496	-0.001894182
991.68777	0.002376318
991.93058	-0.001249572
992.17339	0.002652377
992.41621	-0.002025912
992.65904	0.002332028
992.90187	-0.002031639
993.1447	0.002288952
993.38754	-0.001047744
993.63039	0.002648987
993.87324	-0.000947888
994.11609	0.002965231
994.35895	-0.001939298
994.60181	0.002094072
994.84468	-0.001595461
995.08755	0.002360737
995.33043	-0.002327764
995.57331	0.002516274
995.8162	-0.001884037
996.05909	0.002911536
996.30199	-0.001784979
996.54489	0.003064736
996.7878	-0.001513069
997.03071	0.002806133
997.27363	-0.001679644
997.51655	0.003666361
997.75947	-0.001621702
998.0024	0.003664946
998.24534	-0.00206827
998.48828	-0.00215922
998.73122	0.003854824
998.97417	-0.001828654
999.21712	0.002973376
999.46008	-0.002752195
999.70304	0.003504832
999.94601	-0.002116023
1000.18898	0.002837471
1000.43196	0.000169112
1000.67494	0
1000.91793	0
1001.16092	0
1001.40392	0
1001.64692	0
1001.88992	0
1002.13293	0
1002.37595	0
1002.61897	0
1002.86199	0
1003.10502	0
1003.34805	0
1003.59109	0
1003.83413	0
1004.07718	0
1004.32023	0
1004.56329	0
1004.80635	0
1005.04941	0
1005.29248	0
1005.53556	0
1005.77864	0
1006.02172	0
1006.26481	0
1006.5079	0
1006.751	0
1006.9941	0
1007.23721	0
1007.48032	0
1007.72344	0
1007.96656	0
1008.20968	0
1008.45281	0
1008.69595	0
1008.93909	0
1009.18223	0
1009.42538	0
1009.66853	0
1009.91169	0
1010.15485	0
1010.39801	0
1010.64118	0
1010.88436	0
1011.12754	0
1011.37072	0
1011.61391	0
1011.8571	0
1012.1003	0
1012.3435	0
1012.58671	0
1012.82992	0
1013.07314	0
1013.31636	0
1013.55958	0
1013.80281	0
1014.04604	0
1014.28928	0
1014.53252	0
1014.77577	0
1015.01902	0
1015.26228	0
1015.50554	0
1015.7488	0
1015.99207	0
1016.23535	0
1016.47862	0
1016.72191	0
1016.96519	0
1017.20848	0
1017.45178	0
1017.69508	0
1017.93838	0
1018.18169	0
1018.425	0
1018.66832	0
1018.91164	0
1019.15497	0
1019.3983	0
1019.64164	0
1019.88498	0
1020.12832	0
1020.37167	0
1020.61502	0
1020.85838	0
1021.10174	0
1021.3451	0
1021.58847	0
1021.83185	0
1022.07523	0
1022.31861	0
1022.562	0
1022.80539	0
1023.04878	0
1023.29218	0
1023.53559	0
1023.779	0
1024.02241	0
1024.26583	0
1024.50925	0
1024.75268	0
1024.99611	0
1025.23954	0
1025.48298	0
1025.72642	0
1025.96987	0
1026.21332	0
1026.45678	0
1026.70024	0
1026.9437	0
1027.18717	0
1027.43064	0
	
	
	
	
	
	
	
	
	
	
	
	
	
	
	
	
	
	
	
	
	
	
	
	
	
	
	
	
	
	
	
	
	
	
	
	
	
	
	
	
	
	
	
	
	
	
	
	
	
	
	
	
	
	
	
	
	
	
	
	
	
	
	
	
	
	
	
	
	
	
	
	
	
	
	
	
	
	
	
	
	
	
	
	
	
	
	
	
	
	
	
	
	
	
	
	
	
	
	
	
	
	
	
	
	
	
	
	
	
	
	
	
	
	
	
	
	
	
	
	
	
	
	
	
	
	
	
	
	
	
	
	
	
	
	
	
	
	
	
	
	
	
	
	
	
	
	
	
	
	
	
	
	
	
	
	
	
	
	
	
	
	
	
	
	
	
	
	
	
	
	
	
	
	
	
	
	
	
	
	
	
	
	
	
	
	
	
	
	
	
	
	
	
	
	
	
	
	
	
	
	
	
	
	
	
	
	
	
	
	
	
	
	
	
	
	
	
	
	
	
	
	
	
	
	
	
	
	
	
	
	
	
	
	
	
	
	
	
	
	
	
	
	
	
	
	
	
	
	
	
	
	
	
	
	
	
	
	
	
	
	
	
	
	
	
	
	
	
	
	
	
	
	
	
	
	
	
	
	
	
	
	
	
	
	
	
	
	
	
	
	
	
	
	
	
	
